_100seq_NO_FILTER_25epochs_1ConvLayer
data_set inter-ictal pre-ictal ictal 
     0      100      0       0
     1      74      24       2
     2      95      4       0
     3      69      31       0
     4      87      13       0
     5      99      1       0
     6      64      29       5
     7      59      6       12
     8      75      1       24
     9      95      5       0
     10      28      72       0
     11      62      37       0
     12      54      46       0
     13      16      83       1
     14      35      65       0
     15      16      84       0
     16      19      81       0
     17      93      7       0
     18      98      2       0
     19      100      0       0
