updated_100seq_FILTER_25epochs
data_set inter-ictal pre-ictal ictal 
     0      100      0       0
     1      86      8       5
     2      99      1       0
     3      99      1       0
     4      96      4       0
     5      100      0       0
     6      82      13       5
     7      88      1       11
     8      76      0       24
     9      99      1       0
     10      99      1       0
     11      96      4       0
     12      100      0       0
     13      98      2       0
     14      61      38       0
     15      42      56       0
     16      95      5       0
     17      100      0       0
     18      100      0       0
     19      91      8       0
