updated_50seq_FILTER_25epochs
data_set inter-ictal pre-ictal ictal 
     0      50      0       0
     1      23      22       3
     2      50      0       0
     3      47      3       0
     4      44      6       0
     5      50      0       0
     6      18      26       6
     7      47      3       0
     8      26      0       24
     9      50      0       0
     10      48      2       0
     11      47      2       0
     12      48      1       0
     13      47      3       0
     14      13      35       0
     15      8      41       0
     16      46      3       0
     17      50      0       0
     18      50      0       0
     19      38      10       0
