_50seq_FILTER_25epochs_1ConvLayer
data_set inter-ictal pre-ictal ictal 
     0      50      0       0
     1      16      33       1
     2      42      6       0
     3      29      21       0
     4      41      9       0
     5      47      2       0
     6      9      35       5
     7      36      13       0
     8      22      3       24
     9      47      3       0
     10      19      30       0
     11      30      20       0
     12      27      23       0
     13      8      41       1
     14      5      45       0
     15      3      47       0
     16      2      48       0
     17      44      6       0
     18      49      1       0
     19      49      1       0
