_100seq_FILTER_25epochs_1ConvLayer
data_set inter-ictal pre-ictal ictal 
     0      100      0       0
     1      73      24       3
     2      95      4       0
     3      70      30       0
     4      87      13       0
     5      98      2       0
     6      63      29       6
     7      59      6       12
     8      75      1       24
     9      95      5       0
     10      26      74       0
     11      64      35       0
     12      56      44       0
     13      16      83       1
     14      38      62       0
     15      17      83       0
     16      22      78       0
     17      94      6       0
     18      98      2       0
     19      100      0       0
