_50seq_NO_FILTER_25epochs
data_set inter-ictal pre-ictal ictal 
     0      50      0       0
     1      21      25       2
     2      50      0       0
     3      46      4       0
     4      44      6       0
     5      50      0       0
     6      17      27       6
     7      47      3       0
     8      26      0       24
     9      50      0       0
     10      49      1       0
     11      47      2       1
     12      47      2       0
     13      47      3       0
     14      14      36       0
     15      7      42       0
     16      44      6       0
     17      50      0       0
     18      50      0       0
     19      41      9       0
