_100seq_NO_FILTER_25epochs_1ConvLayer
data_set inter-ictal pre-ictal ictal 
     0      50      0       0
     1      16      33       1
     2      42      7       0
     3      30      20       0
     4      41      9       0
     5      47      2       0
     6      11      35       4
     7      37      13       0
     8      22      3       24
     9      48      2       0
     10      18      30       0
     11      31      19       0
     12      28      22       0
     13      8      41       1
     14      5      45       0
     15      3      47       0
     16      1      49       0
     17      39      11       0
     18      49      1       0
     19      49      1       0
