3.860130618704715744e-06
3.860130618704715744e-06
3.860130618704715744e-06
3.860130618704715744e-06
3.860130618704715744e-06
3.860130618704715744e-06
3.860130618704715744e-06
3.860130618704715744e-06
3.860130618704715744e-06
3.860130618704715744e-06
3.860130618704715744e-06
3.860130618704715744e-06
3.860130618704715744e-06
3.860130618704715744e-06
3.860130618704715744e-06
3.860130618704715744e-06
3.860130618704715744e-06
3.860130618704715744e-06
3.860130618704715744e-06
3.860130618704715744e-06
3.860130618704715744e-06
3.860130618704715744e-06
3.860130618704715744e-06
3.860130618704715744e-06
3.860130618704715744e-06
3.860130618704715744e-06
3.860130618704715744e-06
3.860130618704715744e-06
3.860130618704715744e-06
3.860130618704715744e-06
3.860130618704715744e-06
3.860130618704715744e-06
3.860130618704715744e-06
3.860130618704715744e-06
3.860130618704715744e-06
3.860130618704715744e-06
3.860130618704715744e-06
3.860130618704715744e-06
3.860130618704715744e-06
3.860130618704715744e-06
3.860130618704715744e-06
3.860130618704715744e-06
3.860130618704715744e-06
3.860130618704715744e-06
3.860130618704715744e-06
3.860130618704715744e-06
3.860130618704715744e-06
3.860130618704715744e-06
3.860130618704715744e-06
3.860130618704715744e-06
8.050696123973466456e-06
4.427836756804026663e-05
7.044929589028470218e-06
5.351020263333339244e-06
6.274744919210206717e-06
8.546012395527213812e-06
8.560800779378041625e-06
5.634559329337207600e-06
5.627438440569676459e-06
4.194736902718432248e-06
9.938391485775355250e-06
7.724382157903164625e-06
6.018272415531100705e-06
5.012817382521461695e-06
5.999464974593138322e-06
7.097712114045862108e-06
3.308949544589268044e-06
5.555706593440845609e-06
6.819844657002249733e-06
3.042936896235914901e-06
3.765662313526263461e-06
5.531087026611203328e-06
4.140035343880299479e-06
3.814791853073984385e-06
4.758695467899087816e-06
5.239337042439728975e-06
6.384087100741453469e-06
3.109149929514387622e-06
3.129190190520603210e-06
9.833029253059066832e-06
5.041481927037239075e-06
5.313912424753652886e-06
5.521752882486907765e-06
4.525579697656212375e-06
6.912312983331503347e-06
1.472712392569519579e-05
5.804892225569346920e-06
4.081369752384489402e-06
4.045188688905909657e-06
7.884268597990740091e-06
1.227097163791768253e-05
7.458494565071305260e-06
8.866339157975744456e-06
7.954546890687197447e-05
5.113480256113689393e-06
5.010838776797754690e-06
1.508143850514898077e-05
4.583381723932689056e-06
1.839827200456056744e-05
3.794898657361045480e-05
7.368846127064898610e-06
3.195899353158893064e-06
4.018170784547692165e-06
5.033848083257908002e-06
3.038305976588162594e-06
4.626365807780530304e-06
5.069977305538486689e-06
7.368761544057633728e-06
4.084874035470420495e-06
1.273139059776440263e-05
8.539876944269053638e-06
3.165855559927877039e-06
6.531635790452128276e-06
6.337656941468594596e-06
5.365573997551109642e-06
1.705344584479462355e-05
7.343296147155342624e-06
7.679313057451508939e-06
1.419645377609413117e-05
5.111622613185318187e-06
5.147740012034773827e-06
3.913223736162763089e-06
1.136806258728029206e-05
9.283761755796149373e-06
1.068037272489164025e-05
4.202549007459310815e-06
2.693593614822020754e-06
5.937650712439790368e-06
5.323737696016905829e-06
5.933450211159652099e-06
1.394658920617075637e-05
7.377291240118211135e-06
1.711302320472896099e-05
6.395169496536254883e-01
6.414743661880493164e-01
6.414723396301269531e-01
6.414533853530883789e-01
6.414588093757629395e-01
6.414602398872375488e-01
3.541004552971571684e-04
1.880375319160521030e-03
2.129805361619219184e-04
9.350769687443971634e-05
8.878444350557401776e-05
1.250096247531473637e-04
7.446952167811105028e-06
8.952007192419841886e-05
9.081488315132446587e-06
1.062284063664264977e-04
8.003028597158845514e-06
2.189127189922146499e-05
2.945484766314621083e-06
1.728479946905281395e-05
1.080989750334993005e-05
8.692429219081532210e-06
1.609402352187316865e-05
9.223144843417685479e-06
1.545644772704690695e-05
7.532276868005283177e-06
1.057388999470276758e-05
6.878093699924647808e-06
9.533374395687133074e-06
4.711865585704799742e-06
4.676950538851087913e-06
7.804492270224727690e-06
1.470187908125808463e-05
1.309562321694102138e-05
4.494183031056309119e-06
1.125277958635706455e-05
5.022196091886144131e-06
7.720920621068216860e-06
2.368302739341743290e-05
8.607463314547203481e-06
1.516740212537115440e-05
1.761390922183636576e-05
1.126404276874382049e-05
2.535969724704045802e-05
1.147553939517820254e-05
7.593792815896449611e-06
2.983207878060056828e-06
1.137694562203250825e-05
5.085385510028572753e-06
3.593945803004316986e-05
4.060459559696028009e-06
5.344334567780606449e-06
3.168409602949395776e-05
3.570208946257480420e-06
6.384360790252685547e-01
6.414792537689208984e-01
6.414732336997985840e-01
6.414784789085388184e-01
6.409797072410583496e-01
3.864742117002606392e-03
2.422360703349113464e-03
2.156539558200165629e-04
1.645907905185595155e-04
8.108933252515271306e-05
3.136779196211136878e-05
6.555480467795860022e-06
3.139490581816062331e-05
7.046958671708125621e-06
1.112786776502616704e-05
6.631988071603700519e-06
3.519481979310512543e-04
3.684371449708123691e-06
4.769599854625994340e-06
3.109951285296119750e-05
1.040327788359718397e-05
7.609652675455436110e-05
3.120797686278820038e-03
8.800647265161387622e-06
3.680543613882036880e-06
2.975539018734707497e-06
1.528659231553319842e-05
8.490649634040892124e-06
3.444689355092123151e-06
6.245545137062435970e-06
1.964381226571276784e-05
1.280118794966256246e-05
7.404737971228314564e-06
1.699525819276459515e-05
3.729049349203705788e-04
1.273085581487976015e-05
5.515889824891928583e-06
6.719044904457405210e-06
3.994874987256480381e-06
5.053005224908702075e-06
3.890454827342182398e-04
4.085855835000984371e-05
3.973138518631458282e-06
6.509460945380851626e-06
4.236430868331808597e-06
7.422781436616787687e-06
6.627334641962079331e-06
2.461079384374897927e-05
3.264873157604597509e-05
3.421777728362940252e-05
7.562097016489133239e-05
1.819674980652052909e-05
1.677292857493739575e-05
5.535805030376650393e-06
6.877024134155362844e-06
6.372447387548163533e-05
2.288111318193841726e-05
1.830661312851589173e-05
6.215514440555125475e-05
4.247237666277214885e-05
4.969529254594817758e-05
3.901525633409619331e-05
4.335215635364875197e-06
6.313653102552052587e-06
2.034556018770672381e-05
5.016255727241514251e-06
8.155815521604381502e-06
2.582222350611118600e-06
1.198696918436326087e-05
4.208858172205509618e-06
3.287146910224691965e-06
5.585099188465392217e-06
4.913025804853532463e-06
1.459100349165964872e-05
4.006454219052102417e-06
1.011346557788783684e-05
4.300674845580942929e-06
6.896635568409692496e-06
5.344186320144217461e-06
5.461510227178223431e-06
4.704457296611508355e-06
8.531289495294913650e-06
9.197146027872804552e-06
9.837840480031445622e-06
4.851723588217282668e-06
6.777060207241447642e-06
9.440926987736020237e-06
5.267337655823212117e-06
1.416473969584330916e-05
7.597436706419102848e-06
2.256275911349803209e-05
3.206670271538314410e-06
5.102485829411307350e-06
7.711199941695667803e-06
5.774970304628368467e-06
8.114611773635260761e-06
4.166629878454841673e-05
9.961022442439571023e-06
3.620015922933816910e-05
6.422319984267232940e-06
6.386912446032511070e-06
4.383507530292263255e-06
7.659024959139060229e-06
6.290412329690298066e-06
1.111505571316229180e-05
1.427196821168763563e-05
7.652198291907552630e-06
1.393427828588755801e-05
1.275270551559515297e-05
9.390525519847869873e-06
3.687686557896086015e-06
1.200631504616467282e-05
1.334021180809941143e-05
4.579896631184965372e-05
5.892937770113348961e-05
1.760600571287795901e-04
1.202779185405233875e-05
5.539221547223860398e-06
4.427441126608755440e-06
1.859073017840273678e-05
1.970269659068435431e-04
1.131079043261706829e-04
2.499894253560341895e-05
3.501136598060838878e-05
1.789842790458351374e-04
1.235303207067772746e-04
5.515132215805351734e-04
8.556954708183184266e-05
9.494042751612141728e-05
1.153767734649591148e-04
2.475038854754529893e-05
1.073268358595669270e-04
2.719238000281620771e-05
4.653629439417272806e-04
4.443858633749186993e-04
3.285854108980856836e-05
1.672878715908154845e-04
2.082060200336854905e-05
5.920321564190089703e-04
5.721120978705585003e-04
5.551888534682802856e-05
1.372184924548491836e-04
2.213862491771578789e-03
1.342856558039784431e-05
4.145943603361956775e-05
4.470545172807760537e-05
1.366148535453248769e-05
2.011137075896840543e-05
3.232250164728611708e-04
6.670404109172523022e-04
5.887584484298713505e-05
7.289347649930277839e-06
3.088758967351168394e-05
5.254183179204119369e-06
4.831623755308100954e-06
3.917110461770789698e-06
9.928310464601963758e-05
9.725323252496309578e-06
1.102709666156442836e-05
6.931404641363769770e-05
5.857174983248114586e-06
4.133017228014068678e-06
7.401017228403361514e-06
2.231983671663329005e-05
7.183178240666165948e-06
4.202192485536215827e-06
1.022912783810170367e-05
6.568740900547709316e-06
2.350372596993111074e-05
2.397201751591637731e-05
7.991977327037602663e-06
5.298377345752669498e-06
3.673877245091716759e-06
7.273661140061449260e-06
2.487976189513574354e-06
1.352211893390631303e-05
6.410730293282540515e-06
4.759194325743010268e-06
1.023546064971014857e-05
2.989698714372934774e-06
8.275528671219944954e-05
3.838813790935091674e-05
4.779890332429204136e-06
1.865523336164187640e-05
5.654498181684175506e-06
3.926891167793655768e-06
4.553884991764789447e-06
5.435810180642874911e-06
5.979547495371662080e-06
1.577523289597593248e-05
1.368760695186210796e-05
6.277689408307196572e-06
1.812885057006496936e-05
4.530243131739553064e-06
6.495173693110700697e-06
3.639653368736617267e-05
4.024226200272096321e-06
1.834263093769550323e-05
4.156984232395188883e-06
4.636334324459312484e-06
3.894478595611872151e-06
5.094438620290020481e-06
5.919563591305632144e-06
5.328339284460525960e-06
6.056376150809228420e-06
2.966673037008149549e-06
5.277116997604025528e-06
3.502440677038975991e-06
3.823040970019064844e-06
1.240801702806493267e-05
5.726538347516907379e-06
1.746512680256273597e-05
4.920983428746694699e-06
6.185475740494439378e-06
5.216079898673342541e-06
3.815679519902914762e-06
1.914588938234373927e-05
2.435402848277590238e-06
3.966157692048000172e-06
3.339233444421552122e-06
3.108118835370987654e-05
3.035721965716220438e-05
5.615582631435245275e-05
7.108604222594294697e-06
6.879484317323658615e-06
1.816702890209853649e-03
2.950139460153877735e-04
4.478396294871345162e-05
6.338956609397428110e-06
4.580266249831765890e-06
2.750224211922613904e-06
5.653635525959543884e-06
2.201964662162936293e-06
6.405847216228721663e-06
4.195325345790479332e-06
3.079587031606934033e-06
8.572843398724216968e-06
1.177619560621678829e-05
1.109493241528980434e-04
1.180152503366116434e-05
1.228913606610149145e-05
1.046352645062142983e-05
1.061871626006904989e-05
3.652960458566667512e-06
3.051771727768937126e-06
2.753747685346752405e-05
3.755101261049276218e-06
1.038659502228256315e-05
1.715995858830865473e-05
4.992798494640737772e-06
4.887407612841343507e-06
6.121785190771333873e-06
5.424608843895839527e-06
3.102654318354325369e-06
5.181567757972516119e-06
4.419847300596302375e-06
5.370462986320490018e-06
1.371702092001214623e-05
2.320052772120106965e-05
9.658599083195440471e-06
4.187246759101981297e-06
3.119670509477145970e-05
1.161785257863812149e-05
7.771960554237011820e-06
1.448355760658159852e-04
5.401181406341493130e-04
7.610886241309344769e-04
2.518914116080850363e-04
1.878640323411673307e-04
9.686688281362876296e-05
5.463881534524261951e-04
1.714094978524371982e-04
2.350632030356791802e-06
1.251036610483424738e-05
4.696849828178528696e-06
3.590915412132744677e-06
3.757648073587915860e-06
1.455507754144491628e-05
4.525670665316283703e-04
1.091743615688756108e-05
7.562551036244258285e-05
1.013254131976282224e-05
1.052372172125615180e-04
3.477770660538226366e-04
9.374839464726392180e-06
2.252414706163108349e-04
1.129229804064380005e-05
1.061516522895544767e-04
1.532635360490530729e-04
1.915655011544004083e-04
4.047173570143058896e-05
2.827537246048450470e-04
4.596216240315698087e-05
6.022176421538461000e-06
4.740473286801716313e-06
3.543290176821756177e-06
1.089089564629830420e-04
5.507107289304258302e-06
9.820068953558802605e-06
4.071083822054788470e-06
2.437566081425757147e-06
7.858887329348362982e-06
6.315658993116812780e-06
1.833428905229084194e-05
5.337000402505509555e-06
1.472539588576182723e-05
9.132347258855588734e-06
3.730977823579451069e-06
4.961684226145735011e-06
3.510628594085574150e-04
6.641817890340462327e-06
1.209482070407830179e-04
2.231188773293979466e-06
4.592517598211998120e-06
2.648992222020751797e-06
3.436158522163168527e-06
2.451294221827993169e-06
2.628280071803601459e-06
2.765254521364113316e-06
2.820471763698151335e-06
3.510971737341606058e-06
1.106397485273191705e-05
3.846856998279690742e-06
4.571673343889415264e-06
5.608403171208919957e-06
9.555091310176067054e-06
1.367321692669065669e-05
4.441697456059046090e-06
4.077413450431777164e-06
2.616847496028640307e-06
3.302694722151500173e-06
2.950601583506795578e-06
2.596819967948249541e-06
3.258034439568291418e-06
3.473918923191376962e-06
1.220589274453232065e-05
3.848254891636315733e-06
3.592984512579278089e-06
2.913671096393954940e-06
3.288068683104938827e-06
4.389757577882846817e-06
3.766247800740529783e-06
8.050435098994057626e-06
8.875179446476977319e-06
4.849794095207471400e-06
2.365514546909253113e-06
8.639841325930319726e-06
6.725956609443528578e-06
3.711282261065207422e-06
3.962868049711687490e-06
3.589001380532863550e-06
2.371753680563415401e-06
4.134097252972424030e-06
3.217652420062222518e-06
2.725305648709763773e-06
4.230992544762557372e-06
4.489475031732581556e-06
7.554001513199182227e-06
3.344555807416327298e-06
3.715032335094292648e-06
4.403384536999510601e-06
3.230790980524034239e-06
3.033838538613053970e-06
3.095779675277299248e-06
4.061036634084302932e-06
2.193821501350612380e-06
2.278882220707600936e-06
3.172226570313796401e-06
3.491645202302606776e-06
3.871434273605700582e-06
2.414879190837382339e-06
2.326489084225613624e-05
2.658916400832822546e-06
1.385909672535490245e-05
2.181905529141658917e-06
8.039256499614566565e-06
2.738363491516793147e-06
9.189481352223083377e-05
2.685475465113995597e-06
3.352660769451176748e-06
2.587650897112325765e-06
2.344712356716627255e-06
2.651011527632363141e-06
2.273626705573406070e-06
3.144818720102193765e-06
2.503410996723687276e-06
2.687681671886821277e-06
2.739536057561053894e-06
2.449908606649842113e-06
2.618307917146012187e-06
2.693233909667469561e-06
2.860683252947637811e-06
2.648765075718984008e-06
2.208979140050360002e-06
2.714038828344200738e-06
2.546170435380190611e-06
3.485546812953543849e-06
2.170474317608750425e-06
3.434527343415538780e-06
2.316317250006250106e-06
2.801959681164589711e-06
4.593305675371084362e-06
2.448147370159858838e-06
2.306338728885748424e-06
2.784262051136465743e-06
2.429800133540993556e-06
2.348019506825949065e-06
2.168846094718901441e-06
2.501826429579523392e-06
3.450739313848316669e-06
3.538872988428920507e-06
2.635853206811589189e-06
2.192332431150134653e-06
3.747016535271541215e-06
2.679801127669634297e-06
2.414407163087162189e-06
1.091618742066202685e-05
3.339004024383029900e-06
3.485516799628385343e-06
2.860350605260464363e-06
2.729256493694265373e-06
2.706426812437712215e-06
4.189547689747996628e-05
1.031655392580432817e-05
5.839177447342080995e-06
7.344872301473515108e-06
2.925596618297277018e-06
1.300286112382309511e-05
2.501062908777385019e-06
8.754373084229882807e-06
3.973233106080442667e-06
3.992772235505981371e-06
4.021479071525391191e-06
6.230042345123365521e-06
3.267471038270741701e-05
4.157749572186730802e-06
4.782083578902529553e-06
1.832329326134640723e-05
4.629967406799551100e-06
3.020855046997894533e-06
4.578405878419289365e-06
9.361599040857981890e-06
2.726329967117635533e-06
9.233327546098735183e-06
6.195205060066655278e-06
7.430756795656634495e-06
3.010162799910176545e-06
2.770705577859189361e-06
3.194975988662918098e-06
3.199555976607371122e-06
2.816308324327110313e-06
2.497116156519041397e-06
5.505657554749632254e-06
7.769055628159549087e-06
2.312123251613229513e-05
8.204103323805611581e-06
7.180938609963050112e-06
1.212907500303117558e-05
2.757354195637162775e-06
4.819424248125869781e-06
3.216452796550584026e-06
3.574740048861713149e-06
4.917038040730403736e-06
4.608509243553271517e-06
1.041518135025398806e-05
8.792820153757929802e-06
8.196979251806624234e-06
9.164155926555395126e-06
6.910645424795802683e-06
3.923095846403157339e-06
4.371264367364346981e-05
3.390311348994146101e-06
3.585601007216610014e-06
4.602031367539893836e-06
3.462421773292589933e-06
3.834104063571430743e-06
5.012684414396062493e-05
5.310938377078855410e-06
3.434451855355291627e-06
5.183045232115546241e-06
5.119145043863682076e-06
9.088202205020934343e-06
5.371436145651387051e-06
1.650158992561046034e-05
9.618339390726760030e-06
1.316832185693783686e-05
4.095679287274833769e-06
2.812161937981727533e-06
2.597253342173644342e-06
5.653435437125153840e-06
5.187723672861466184e-06
1.087129658117191866e-05
5.323260211298475042e-06
6.278695764194708318e-06
5.567783773585688323e-06
5.700401288777356967e-06
4.535171228781109676e-06
2.793536623357795179e-06
5.640279596264008433e-06
2.802242988764191978e-06
4.947041816194541752e-06
3.680550662465975620e-06
3.567193289200076833e-06
4.195449037069920450e-06
4.204288870823802426e-06
4.234916104906005785e-06
3.797376166403410025e-06
3.940738224628148600e-06
4.602812623488716781e-06
2.496249408068251796e-06
3.880360964103601873e-06
2.420350483589572832e-06
6.646462679782416672e-06
1.462306390749290586e-04
1.243684237124398351e-04
7.631053449586033821e-05
1.732883247314020991e-04
5.520323247765190899e-05
9.915282134898006916e-05
9.987878001993522048e-05
8.390902075916528702e-05
3.947016666643321514e-04
5.159387910680379719e-06
4.521877417573705316e-05
1.530758599983528256e-04
1.165194407803937793e-04
1.068412966560572386e-04
3.629376442404463887e-05
2.813744686136487871e-06
1.283841629629023373e-05
6.113424024078994989e-05
2.265298644488211721e-05
1.707106821413617581e-05
1.565913044032640755e-05
6.413806080818176270e-01
6.414663791656494141e-01
6.414417028427124023e-01
6.414732336997985840e-01
6.414793729782104492e-01
6.414607763290405273e-01
1.004975754767656326e-03
2.513781888410449028e-03
7.207098416984081268e-03
3.117208834737539291e-04
4.795289423782378435e-04
3.575155569706112146e-04
1.309200160903856158e-04
1.098101620300440118e-05
5.871634348295629025e-04
8.447566506220027804e-05
3.454222678556106985e-05
1.743046777846757323e-05
8.268665987998247147e-05
4.370093301986344159e-05
1.300112580793211237e-05
5.534231604542583227e-06
5.539712674362817779e-06
1.123535548686049879e-05
7.948356142151169479e-06
8.325783710461109877e-06
4.595575774146709591e-06
6.301472240011207759e-06
2.191357998526655138e-05
7.103442912921309471e-04
2.446913640596903861e-05
3.750189789570868015e-04
2.946821223304141313e-05
1.513477673142915592e-05
9.226127076544798911e-06
1.256627874681726098e-04
1.068275450961664319e-04
3.210786599083803594e-05
1.003750730887986720e-04
3.001446893904358149e-04
2.786033437587320805e-04
8.324791451741475612e-06
1.951039848790969700e-05
3.167536851833574474e-05
3.036871748918201774e-05
2.362458144489210099e-05
4.170955071458593011e-05
6.713390757795423269e-05
7.206040208984632045e-06
4.861837442149408162e-05
2.853918886103201658e-05
3.290108870714902878e-04
3.317013397463597357e-05
1.302119781030341983e-04
4.927111513097770512e-05
5.796278492198325694e-05
1.071087608579546213e-04
4.863492678850889206e-03
6.412976384162902832e-01
6.414729356765747070e-01
6.411347985267639160e-01
6.414787769317626953e-01
6.414764523506164551e-01
6.414738893508911133e-01
6.414743661880493164e-01
6.414417028427124023e-01
2.660474972799420357e-03
1.007861501420848072e-04
5.024989513913169503e-05
7.898198236944153905e-05
2.005097339861094952e-04
1.211988492286764085e-04
4.366298162494786084e-05
1.542268546472769231e-05
9.455102554056793451e-05
9.072995453607290983e-06
1.945280564541462809e-05
8.171043191396165639e-06
2.332823169126641005e-05
6.422350270440801978e-05
1.521442754892632365e-05
8.925941074267029762e-05
6.802870757383061573e-06
1.728693168843165040e-04
7.640096737304702401e-05
4.939052741974592209e-04
1.246685860678553581e-04
5.430707460618577898e-05
1.797614386305212975e-04
5.206132482271641493e-05
3.754922363441437483e-05
4.830546095035970211e-05
2.687438245629891753e-05
7.139272929634898901e-05
8.964436710812151432e-05
4.117568314541131258e-04
4.784360044141067192e-06
2.354520802327897400e-05
2.624659828143194318e-05
9.046463674167171121e-05
7.045003439998254180e-05
2.460539508319925517e-05
5.491166375577449799e-04
1.831602130550891161e-04
8.138171324389986694e-06
7.607084262417629361e-05
1.279636489925906062e-04
6.046871021680999547e-06
8.334689482580870390e-06
1.047709956765174866e-03
4.363009065855294466e-04
1.757847931003198028e-04
1.907744153868407011e-04
4.637836900656111538e-05
1.329568294750060886e-05
1.017446411424316466e-04
3.960273170378059149e-05
2.326819521840661764e-04
1.603677083039656281e-05
4.921487998217344284e-04
4.128174259676598012e-05
3.751781187020242214e-04
1.433964062016457319e-04
6.343847053358331323e-05
1.943913775903638452e-05
1.202687490149401128e-04
3.057806752622127533e-04
9.371993946842849255e-04
1.194926735479384661e-04
2.744756056927144527e-04
3.785971493925899267e-04
1.283320598304271698e-04
2.227508695796132088e-03
1.194044216390466318e-05
4.151288521825335920e-05
2.839420922100543976e-04
7.344941259361803532e-04
8.973923286248464137e-06
7.168100564740598202e-04
3.470838055363856256e-05
7.944320532260462642e-05
2.994418900925666094e-05
3.198109916411340237e-04
6.461278098868206143e-05
2.735642738116439432e-05
1.869842526502907276e-04
7.317147537833079696e-05
4.271339857950806618e-04
5.661507384502328932e-05
6.249277794267982244e-05
9.487586794421076775e-04
3.618200571509078145e-05
6.945584027562290430e-05
1.110134471673518419e-04
3.873099558404646814e-05
1.226119184138951823e-05
9.736911306390538812e-05
1.418903120793402195e-04
9.853385563474148512e-05
1.801391772460192442e-05
1.004579280561301857e-05
9.104655327973887324e-05
3.334471839480102062e-04
1.404006980010308325e-05
9.602730642654933035e-06
7.564101451862370595e-06
3.203999222023412585e-05
2.726513957895804197e-05
5.409438381320796907e-05
6.499195478681940585e-06
5.655264612869359553e-05
3.924822885892353952e-05
4.232201536069624126e-05
2.371039590798318386e-05
8.726084161025937647e-06
1.915876782732084394e-05
8.596260886406525970e-05
6.937878424650989473e-06
7.119050715118646622e-04
9.727157157612964511e-05
4.355093551566824317e-06
5.041289477958343923e-05
1.292340857617091388e-05
9.875723662844393402e-06
2.383049286436289549e-05
2.181847048632334918e-05
4.635658697225153446e-04
4.419670403876807541e-06
1.386420772178098559e-04
1.219274508912349120e-05
1.365766365779563785e-04
9.573737042956054211e-05
8.424615771218668669e-06
1.429600670235231519e-04
1.127051291405223310e-04
1.043251366354525089e-03
2.130446227965876460e-05
3.955441934522241354e-05
8.622474706498906016e-05
3.196192556060850620e-04
8.444837294518947601e-05
4.244409410603111610e-06
4.339631777838803828e-05
5.844862243975512683e-05
3.389752528164535761e-04
3.059801238123327494e-04
9.654367022449150681e-05
1.696931212791241705e-05
2.007639850489795208e-04
1.407990748703014106e-05
5.925842197029851377e-05
2.930756600107997656e-04
4.094300311408005655e-05
7.223371067084372044e-04
7.842207196517847478e-06
1.355656277155503631e-04
9.252763447875622660e-06
1.147405419033020735e-04
1.401891677232924849e-05
5.031552282162010670e-04
1.904134987853467464e-04
2.087454049615189433e-05
1.002762655843980610e-05
9.659763309173285961e-04
1.234663614013697952e-05
1.517348428023979068e-04
4.822113260161131620e-04
1.956039923243224621e-04
1.949658762896433473e-04
2.907320777012500912e-05
1.352973049506545067e-05
2.459809911670163274e-05
2.516758395358920097e-04
3.419434651732444763e-04
5.112335566082037985e-05
2.756341709755361080e-04
1.026241443469189107e-04
1.889458144432865083e-05
9.512248652754351497e-05
1.028156839311122894e-05
1.344386419077636674e-05
8.367466216441243887e-05
2.387970307609066367e-04
1.436223246855661273e-04
1.122701796703040600e-04
3.014089888893067837e-04
2.505168667994439602e-04
1.488327961851609871e-05
5.903483906877227128e-05
2.995092363562434912e-04
5.789511124021373689e-05
1.610256877029314637e-04
5.677857552655041218e-05
2.542430229368619621e-05
1.267340121557936072e-04
3.546972220647148788e-05
5.408159267972223461e-05
1.871883614512626082e-05
2.117390067724045366e-05
4.740840522572398186e-04
3.943352203350514174e-05
9.294009214499965310e-05
7.125255069695413113e-05
2.439531272102613002e-06
1.032654472510330379e-05
1.020488707581534982e-04
6.358166956488275900e-06
1.875233647297136486e-05
3.830066998489201069e-05
2.158142160624265671e-05
5.095084779895842075e-04
3.859799835481680930e-05
1.344690372206969187e-05
1.279276475543156266e-04
8.283328497782349586e-05
5.393809624365530908e-05
1.367842196486890316e-03
1.481453946325927973e-04
2.512655009923037142e-05
6.422350270440801978e-05
1.521442754892632365e-05
8.925941074267029762e-05
6.802870757383061573e-06
1.728693168843165040e-04
7.640096737304702401e-05
4.939052741974592209e-04
1.246685860678553581e-04
5.430707460618577898e-05
1.797614386305212975e-04
5.206132482271641493e-05
3.754922363441437483e-05
4.830546095035970211e-05
2.687438245629891753e-05
7.139272929634898901e-05
8.964436710812151432e-05
4.117568314541131258e-04
4.784360044141067192e-06
2.354520802327897400e-05
2.624659828143194318e-05
9.046463674167171121e-05
7.045003439998254180e-05
2.460539508319925517e-05
5.491166375577449799e-04
1.831602130550891161e-04
8.138171324389986694e-06
7.607084262417629361e-05
1.279636489925906062e-04
6.046871021680999547e-06
8.334689482580870390e-06
1.047709956765174866e-03
4.363009065855294466e-04
1.757847931003198028e-04
1.907744153868407011e-04
4.637836900656111538e-05
1.329568294750060886e-05
1.017446411424316466e-04
3.960273170378059149e-05
2.326819521840661764e-04
1.603677083039656281e-05
4.921487998217344284e-04
4.128174259676598012e-05
3.751781187020242214e-04
1.433964062016457319e-04
6.343847053358331323e-05
1.943913775903638452e-05
1.202687490149401128e-04
3.057806752622127533e-04
9.371993946842849255e-04
1.194926735479384661e-04
1.681064645708829630e-06
1.681064645708829630e-06
1.681064645708829630e-06
1.681064645708829630e-06
1.681064645708829630e-06
1.681064645708829630e-06
1.681064645708829630e-06
1.681064645708829630e-06
1.681064645708829630e-06
1.681064645708829630e-06
1.681064645708829630e-06
1.681064645708829630e-06
1.681064645708829630e-06
1.681064645708829630e-06
1.681064645708829630e-06
1.681064645708829630e-06
1.681064645708829630e-06
1.681064645708829630e-06
1.681064645708829630e-06
1.681064645708829630e-06
1.681064645708829630e-06
1.681064645708829630e-06
1.681064645708829630e-06
1.681064645708829630e-06
1.681064645708829630e-06
1.681064645708829630e-06
1.681064645708829630e-06
1.681064645708829630e-06
1.681064645708829630e-06
1.681064645708829630e-06
1.681064645708829630e-06
1.681064645708829630e-06
1.681064645708829630e-06
1.681064645708829630e-06
1.681064645708829630e-06
1.681064645708829630e-06
1.681064645708829630e-06
1.681064645708829630e-06
1.681064645708829630e-06
1.681064645708829630e-06
1.681064645708829630e-06
1.681064645708829630e-06
1.681064645708829630e-06
1.681064645708829630e-06
1.681064645708829630e-06
1.681064645708829630e-06
1.681064645708829630e-06
1.681064645708829630e-06
1.681064645708829630e-06
1.681064645708829630e-06
2.605961981316795573e-06
7.512097909057047218e-06
2.347278268644004129e-06
2.155112269974779338e-06
2.280780336150201038e-06
2.621133717184420675e-06
2.437354623907594942e-06
2.010798198170959949e-06
2.002941755563369952e-06
1.794913828234712128e-06
3.366572173035820015e-06
2.335479848625254817e-06
1.983267111427267082e-06
2.001849452426540665e-06
2.253187631140463054e-06
2.383487753832014278e-06
1.582915956532815471e-06
1.948215412994613871e-06
2.370824176978203468e-06
1.503910766587068792e-06
1.583950506756082177e-06
2.118598786182701588e-06
1.742755785016925074e-06
1.593621732354222331e-06
1.855710820564127062e-06
1.861026021288125776e-06
2.085772848658962175e-06
1.474070131735061295e-06
1.509984144831832964e-06
3.024492798431310803e-06
1.759114752530877013e-06
2.032177690125536174e-06
2.061360873994999565e-06
1.842805090745969210e-06
2.303013161508715712e-06
3.490589961074874736e-06
2.043743734247982502e-06
1.702758254396030679e-06
1.529955738988064695e-06
2.599860408736276440e-06
3.691363190228003077e-06
2.441209289827384055e-06
2.789604195641004480e-06
1.214407620864221826e-05
1.820042143663158640e-06
2.059199459836236201e-06
3.686867103169788606e-06
1.902789335872512311e-06
4.850252025789814070e-06
8.073992830759380013e-06
2.249305907753296196e-06
1.474582063565321732e-06
1.819700287342129741e-06
2.011404376389691606e-06
1.492378032708074898e-06
1.727878043311648071e-06
1.794462036741606425e-06
2.832377731465385295e-06
1.745213808135304134e-06
3.012474735442083329e-06
2.304656845808494836e-06
1.547563783788064029e-06
2.146239467037958093e-06
2.218644567619776353e-06
1.858713176261517219e-06
4.190143044979777187e-06
2.836683961504604667e-06
2.280238732055295259e-06
3.112751755907083862e-06
1.973518237718963064e-06
1.984725940928910859e-06
1.707760702629457228e-06
3.294918087703990750e-06
2.444589654260198586e-06
3.275830522397882305e-06
1.703526550045353360e-06
1.445701172997360118e-06
1.959641849680338055e-06
2.217517021563253365e-06
2.228594439657172188e-06
3.013204604940256104e-06
2.547615622461307794e-06
5.332207820174517110e-06
7.786659002304077148e-01
7.793900370597839355e-01
7.793856263160705566e-01
7.793201208114624023e-01
7.793819308280944824e-01
7.786506414413452148e-01
1.865579251898452640e-04
1.121311681345105171e-03
1.278843556065112352e-04
2.429373125778511167e-05
1.893881562864407897e-05
2.258939275634475052e-05
2.649204361659940332e-06
1.629685903026256710e-05
2.520645239201257937e-06
1.655237429076805711e-05
3.111412979706074111e-06
6.442385256377747282e-06
1.447080649086274207e-06
5.073459760751575232e-06
3.144347829220350832e-06
2.461963731548166834e-06
3.381086571607738733e-06
2.579438842076342553e-06
3.547066626197192818e-06
2.296026423209696077e-06
3.310811962364823557e-06
1.823428306124696974e-06
2.453172328387154266e-06
1.862732460722327232e-06
1.870786149993364234e-06
2.414701839370536618e-06
3.760670551855582744e-06
3.183512490068096668e-06
1.667279548200895078e-06
2.926986553575261496e-06
1.753660853864857927e-06
2.161264319511246867e-06
4.866965355176944286e-06
2.709404270717641339e-06
3.887031652993755415e-06
4.197958332952111959e-06
2.698898242670111358e-06
6.333330929919611663e-06
2.992528379763825797e-06
2.157398967028711922e-06
1.431953478459035978e-06
3.749529469132539816e-06
1.777247007339610718e-06
6.773125278414227068e-06
1.527593894934398122e-06
2.008481260418193415e-06
6.554367701028240845e-06
1.471904170102789067e-06
7.788327336311340332e-01
7.793859839439392090e-01
7.793909907341003418e-01
7.793943881988525391e-01
7.787737250328063965e-01
2.550934208557009697e-03
7.713685627095401287e-04
3.721359826158732176e-05
2.580529144324827939e-05
1.433656143490225077e-05
5.477022114064311609e-06
2.338550984859466553e-06
4.937831818097038195e-06
2.073448968076263554e-06
3.651201723187114112e-06
2.109192337229615077e-06
1.047544428729452193e-04
1.619271870367811061e-06
2.069752554234582931e-06
5.572596364800119773e-06
2.831756773957749829e-06
1.146391241491073743e-05
3.716585051734000444e-04
1.876947976597875822e-06
1.510789275016577449e-06
1.510616357336402871e-06
3.802623950832639821e-06
3.019970790774095803e-06
1.577209445713378955e-06
1.946621978277107701e-06
4.278469987184507772e-06
2.157324843210517429e-06
2.209223794125136919e-06
4.269738838047487661e-06
1.163134074886329472e-04
3.149663143631187268e-06
1.873444830380321946e-06
2.302613665960961953e-06
1.609675109648378566e-06
1.709171669972420204e-06
6.430917710531502962e-05
9.323368431068956852e-06
1.659324652791838162e-06
2.355454398639267311e-06
1.799598294383031316e-06
1.743942789289576467e-06
2.104805844282964244e-06
5.352893822418991476e-06
8.813909516902640462e-06
6.833431598352035508e-06
1.079761659639189020e-05
3.768353280975134112e-06
3.649025757113122381e-06
2.128444975824095309e-06
2.278271722389035858e-06
9.201216926157940179e-06
3.082504690610221587e-06
3.904917775798821822e-06
1.153072935267118737e-05
7.763893336232285947e-06
1.198359859699849039e-05
7.608291070937411860e-06
1.725069068925222382e-06
1.836310616454284173e-06
5.058868737251032144e-06
2.058155132544925436e-06
2.706690111153875478e-06
1.383702169732714538e-06
3.229026106055243872e-06
1.777831926119688433e-06
1.617223915673093870e-06
1.970210632862290367e-06
2.077276803902350366e-06
3.884166744683170691e-06
1.627078290766803548e-06
2.867273906304035336e-06
1.940908759934245609e-06
2.391320094830007292e-06
1.735194928187411278e-06
2.051423962257103994e-06
1.849897671490907669e-06
1.970890707525541075e-06
2.883122533603454940e-06
2.968079570564441383e-06
2.106741703755687922e-06
2.449794237691094168e-06
2.491680561433895491e-06
1.760083023327752016e-06
3.980689598392928019e-06
2.355175865886849351e-06
4.494028416957007721e-06
1.450428385396662634e-06
2.072106781270122156e-06
2.138881654900615104e-06
2.130612074324744754e-06
2.245084033347666264e-06
9.823816071730107069e-06
2.970888544950867072e-06
8.312058525916654617e-06
2.133025191142223775e-06
2.047893758572172374e-06
1.581363335390051361e-06
2.407481815680512227e-06
1.980847628146875650e-06
3.253296426919405349e-06
3.224908596166642383e-06
2.395981482550268993e-06
3.220756070732022636e-06
3.661278697109082714e-06
2.637942770888912492e-06
1.587156134519318584e-06
3.212283672837656923e-06
3.471070840532775037e-06
6.611231583519838750e-06
1.322167645412264392e-05
2.551173747633583844e-05
2.793949533952400088e-06
1.941934442584170029e-06
1.761918497322767507e-06
4.444315891305450350e-06
2.642529398144688457e-05
1.930184771481435746e-05
5.816829343530116603e-06
6.489038241852540523e-06
1.972910467884503305e-05
1.621092451387085021e-05
6.510641105705872178e-05
1.961842644959688187e-05
1.710051037662196904e-05
1.753977085172664374e-05
4.957200417265994474e-06
1.585884456289932132e-05
4.737476501759374514e-06
6.147096428321674466e-05
6.333988130791112781e-05
7.380436272796941921e-06
2.422028228465933353e-05
5.696884727512951940e-06
1.018586117425002158e-04
5.951190178166143596e-05
1.061247075995197520e-05
2.009683703363407403e-05
2.427581493975594640e-04
3.310720330773619935e-06
7.697283763263840228e-06
9.408820915268734097e-06
3.960838967032032087e-06
3.362744109836057760e-06
5.415203486336395144e-05
9.808144386624917388e-05
7.981839189596939832e-06
2.158081997549743392e-06
5.003394562663743272e-06
1.854753804764186498e-06
1.583551693329354748e-06
1.600721247996261809e-06
1.789611269487068057e-05
3.179249688400886953e-06
3.169344836351228878e-06
9.693193533166777343e-06
1.968865490198368207e-06
1.777540205694094766e-06
2.567313003964954987e-06
4.811245617020176724e-06
2.113789605573401786e-06
1.771003894646128174e-06
2.881363343476550654e-06
2.139785465260501951e-06
5.856175448570866138e-06
4.374374384497059509e-06
2.626122750370996073e-06
1.986704774026293308e-06
1.659900703998573590e-06
2.294715159223414958e-06
1.392223907714651432e-06
3.192368922100285999e-06
2.109787828885600902e-06
1.788211193343158811e-06
2.901011384892626666e-06
1.468281311645114329e-06
9.428689736523665488e-06
5.863876140210777521e-06
1.958813982128049247e-06
4.817195531359175220e-06
2.035391617027926259e-06
1.762506826707976870e-06
1.769369760040717665e-06
1.903947236314706970e-06
2.014137635342194699e-06
3.872538400173652917e-06
3.864565769617911428e-06
2.269887318107066676e-06
4.145242201047949493e-06
1.542255290587490890e-06
1.850511694101442117e-06
7.079115221131360158e-06
1.681334083514229860e-06
4.487154910748358816e-06
1.624376068320998456e-06
1.701759970273997169e-06
1.732524424369330518e-06
1.904305122479854617e-06
2.102043481500004418e-06
2.140616061296896078e-06
2.151772832803544588e-06
1.448365878786717076e-06
1.902734766190405935e-06
1.609477067177067511e-06
1.588559825904667377e-06
3.306791768409311771e-06
2.147916347894351929e-06
4.159974196227267385e-06
1.860930183283926453e-06
2.367144134041154757e-06
1.900515144370729104e-06
1.523088712929165922e-06
4.814233307115500793e-06
1.373549707750498783e-06
1.827803544074413367e-06
1.495577976129425224e-06
5.693023467756574973e-06
5.881147899344796315e-06
1.018907278194092214e-05
2.232199904028675519e-06
1.982172307180007920e-06
2.468371822033077478e-04
3.736376675078645349e-05
8.045914000831544399e-06
2.179571993110585026e-06
1.881598791442229412e-06
1.489099645368696656e-06
1.848805823101429269e-06
1.358123654426890425e-06
2.392337364653940313e-06
2.060454789898358285e-06
1.495127435191534460e-06
2.796769877022597939e-06
3.475784296824713238e-06
1.199329290102468804e-05
3.341670435474952683e-06
3.391300879229675047e-06
2.759806193353142589e-06
2.464477120156516321e-06
1.639700371924845967e-06
1.506372427684254944e-06
6.050660886103287339e-06
1.696645654192252550e-06
2.823281420205603354e-06
5.939972197666065767e-06
1.767620688042370602e-06
2.116179530275985599e-06
1.806445311558491085e-06
2.024496325248037465e-06
1.451680645914166234e-06
1.927803850776399486e-06
1.485410507484630216e-06
1.880872332549188286e-06
3.336858526381547563e-06
4.898092811345122755e-06
2.671123411346343346e-06
1.760084614943480119e-06
7.588674634462222457e-06
3.451835254963953048e-06
2.447673523420235142e-06
2.073962969006970525e-05
6.596421007998287678e-05
9.989611135097220540e-05
3.710831151693128049e-05
1.935508225869853050e-05
1.690190038061700761e-05
9.252121526515111327e-05
3.160385676892474294e-05
1.387841393807320856e-06
3.155992317260825075e-06
2.093581088047358207e-06
1.569772621223819442e-06
1.701953124211286195e-06
3.623786597017897293e-06
6.113214476499706507e-05
2.854197646229295060e-06
9.875328032649122179e-06
2.816977257680264302e-06
1.891863394121173769e-05
5.243866326054558158e-05
2.557913603595807217e-06
3.042167372768744826e-05
2.848180201908689924e-06
1.995632919715717435e-05
2.133933412551414222e-05
4.235431333654560149e-05
6.370622031681705266e-06
3.611647116485983133e-05
7.548212124675046653e-06
1.992355009861057624e-06
1.904840814859198872e-06
1.702353984001092613e-06
1.795990101527422667e-05
1.872092752819298767e-06
2.468638285790802911e-06
1.719986471471202094e-06
1.437016635463805869e-06
1.936633907462237403e-06
2.008318460866576061e-06
2.937674707936821505e-06
1.735636942612472922e-06
3.399820798222208396e-06
2.912507170549361035e-06
1.814880647543759551e-06
1.940838501468533650e-06
4.565297058434225619e-05
2.092137947329320014e-06
2.025088178925216198e-05
1.384235474688466638e-06
2.113279606419382617e-06
1.475848193877027370e-06
1.721159605949651450e-06
1.363302544632460922e-06
1.473363226978108287e-06
1.460664179830928333e-06
1.419758859810826834e-06
1.728992288008157630e-06
2.343869255128083751e-06
1.685037204879336059e-06
2.061433633571141399e-06
1.869650077424012125e-06
2.398528295088908635e-06
3.361824155945214443e-06
1.885324195427529048e-06
1.676768874858680647e-06
1.473770794291340280e-06
1.670911956352938432e-06
1.568965899423346855e-06
1.471184191359498072e-06
1.595189360159565695e-06
1.551558170831413008e-06
3.162298071401892230e-06
1.812357140806852840e-06
1.805823444556153845e-06
1.561283397677470930e-06
1.596416041138581932e-06
1.754393679220811464e-06
1.604909584784763865e-06
2.516053200452006422e-06
2.626924469950608909e-06
1.912484094646060839e-06
1.333523869107011706e-06
3.022627424797974527e-06
2.152838305846671574e-06
1.722041474749858025e-06
1.737657385092461482e-06
1.800561335585371125e-06
1.327227209912962280e-06
1.667632659518858418e-06
1.603916416570427828e-06
1.462016143705113791e-06
1.922629735418013297e-06
1.834392264754569624e-06
1.974627139134099707e-06
1.581119022375787608e-06
1.635936314414720982e-06
2.021022055487264879e-06
1.589893486197979655e-06
1.495720766797603574e-06
1.529911969555541873e-06
1.774867200765584130e-06
1.367918230243958533e-06
1.339338268735446036e-06
1.585684003657661378e-06
1.575343958393204957e-06
1.804905764402064960e-06
1.447917156838229857e-06
6.681951617792947218e-06
1.497837615715980064e-06
2.841527930286247283e-06
1.384890424560580868e-06
2.345841721762553789e-06
1.526887444924796000e-06
1.475968656450277194e-05
1.327498125647252891e-06
1.738885885060881265e-06
1.475687781749002170e-06
1.448647708457428962e-06
1.472064127483463380e-06
1.434824184798344504e-06
1.687129270067089237e-06
1.476230977459636051e-06
1.529477231088094413e-06
1.536053673589776736e-06
1.435051331100112293e-06
1.475212116019974928e-06
1.513421011622995138e-06
1.633666215639095753e-06
1.486267819927888922e-06
1.365129264740971848e-06
1.457638973079156131e-06
1.446743794986105058e-06
1.742619474498496857e-06
1.359455723104474600e-06
1.582819436407589819e-06
1.429932467544858810e-06
1.484331392020976637e-06
2.188741291320184246e-06
1.470897927902115043e-06
1.421349338670552243e-06
1.546187377243768424e-06
1.454033395020815078e-06
1.446379769731720444e-06
1.351398850601981394e-06
1.463429157411155757e-06
1.613575932424282655e-06
1.571414259160519578e-06
1.496917889198812190e-06
1.389751218994206283e-06
1.779755507413938176e-06
1.493341983405116480e-06
1.420014768882538192e-06
3.547983396856579930e-06
1.671241875556006562e-06
1.725677861941221636e-06
1.500659891462419182e-06
1.388480768582667224e-06
1.446964688511798158e-06
6.057422069716267288e-06
2.693932628972106613e-06
2.007477633014786988e-06
2.034935505434987135e-06
1.512820631432987284e-06
3.566945224520168267e-06
1.467865558879566379e-06
2.229378878837451339e-06
1.618124997548875399e-06
1.716141014185268432e-06
1.694391698947583791e-06
2.648881263667135499e-06
9.256461453333031386e-06
1.718630528557696380e-06
1.827585606406501029e-06
4.440570592123549432e-06
1.958707571247941814e-06
1.520780983810254838e-06
1.715934672574803699e-06
2.611559693832532503e-06
1.384459778819291387e-06
2.871808419513399713e-06
2.049794829872553237e-06
2.229223582617123611e-06
1.520306682323280256e-06
1.473243855798500590e-06
1.590982606103352737e-06
1.633962256164522842e-06
1.492104729550192133e-06
1.367597292301070411e-06
1.938614786922698840e-06
2.211820856246049516e-06
5.646156751026865095e-06
2.409677790637942962e-06
2.455836238368647173e-06
2.694952854653820395e-06
1.421478145857690834e-06
2.153988361897063442e-06
1.540594212201540358e-06
1.682365450506040361e-06
1.890496946543862578e-06
1.875296561593131628e-06
2.060332917608320713e-06
2.798392188196885400e-06
2.231256985396612436e-06
2.936047621915349737e-06
2.091010856020147912e-06
1.835919988479872700e-06
8.353142220585141331e-06
1.591577415638312232e-06
1.769624532244051807e-06
1.965792307601077482e-06
1.572445512465492357e-06
1.850956323323771358e-06
7.254659067257307470e-06
1.909012780743069015e-06
1.599372353666694835e-06
2.296845423188642599e-06
1.889923510134394746e-06
2.074562416964909062e-06
1.968398009921656922e-06
4.320299922255799174e-06
2.746125119301723316e-06
2.979951887027709745e-06
1.669029529693943914e-06
1.485098778175597545e-06
1.394627929585112724e-06
2.036356590906507336e-06
2.049851673291414045e-06
3.475771109151537530e-06
1.970881385204847902e-06
1.972624431800795719e-06
1.827067990234354511e-06
1.809383320505730808e-06
1.838225557548867073e-06
1.453075469726172742e-06
1.898361233543255366e-06
1.463619014430150855e-06
1.791215026969439350e-06
1.656197468946629670e-06
1.612439177733904216e-06
1.704142391645291355e-06
1.899891572065826040e-06
1.816570602386491373e-06
1.720956220196967479e-06
1.674547547736437991e-06
1.939311914611607790e-06
1.342850282526342198e-06
1.591003865542006679e-06
1.351718537989654578e-06
2.057058054560911842e-06
3.735094287549145520e-05
1.163498200185131282e-05
1.111488563765306026e-05
3.561153062037192285e-05
6.842776201665401459e-06
1.005371905193896964e-05
1.360828991892049089e-05
1.463333774154307321e-05
1.892646250780671835e-04
1.939544972628937103e-06
5.993683316773967817e-06
1.396623520122375339e-05
1.313542361458530650e-05
9.872596820059698075e-06
5.699036591977346689e-06
1.456949689782049973e-06
2.223751607743906789e-06
1.735486512188799679e-05
2.408202817605342716e-06
3.101521315329591744e-06
2.276165105286054313e-06
7.793107628822326660e-01
7.793648838996887207e-01
7.793225646018981934e-01
7.793777585029602051e-01
7.793925404548645020e-01
7.793551683425903320e-01
4.127213614992797375e-04
1.466084155254065990e-03
2.757451962679624557e-03
2.909004106186330318e-04
1.389173266943544149e-04
3.591823333408683538e-04
1.922053161251824349e-05
2.571498043835163116e-06
9.044868056662380695e-05
1.230515408678911626e-05
8.009808880160562694e-06
3.487468575258390047e-06
1.397357482346706092e-05
5.616865109914215282e-06
2.889029019570443779e-06
2.022286935243755579e-06
1.961657517313142307e-06
2.425914999548695050e-06
2.484173592165461741e-06
2.390248482697643340e-06
1.643899850023444742e-06
1.977799001906532794e-06
3.404210474400315434e-06
8.104140579234808683e-05
5.621200671157566831e-06
5.642756150336936116e-05
4.304384219722123817e-06
3.018499455720302649e-06
2.322473164895200171e-06
1.507568686065496877e-05
1.337415960733778775e-05
7.037415343802422285e-06
1.379936657031066716e-05
3.621555879362858832e-05
3.922604082617908716e-05
2.269859351144987158e-06
4.565364633890567347e-06
4.767012342199450359e-06
7.044895482977153733e-06
4.963856554240919650e-06
1.101597626984585077e-05
9.050189873960334808e-06
2.166673311876365915e-06
5.755688107456080616e-06
4.188520961179165170e-06
2.898868478951044381e-05
5.284006419969955459e-06
1.618523492652457207e-05
1.255074494110886008e-05
7.103258212737273425e-06
1.616948429727926850e-05
5.170545773580670357e-04
7.791857719421386719e-01
7.793890237808227539e-01
7.793865203857421875e-01
7.793938517570495605e-01
7.793946266174316406e-01
7.793701291084289551e-01
7.793888449668884277e-01
7.793160080909729004e-01
5.060289986431598663e-04
2.176419002353213727e-05
4.469644409255124629e-06
1.189840622828342021e-05
3.520186146488413215e-05
1.411841549270320684e-05
6.510379535029642284e-06
3.145199571008561179e-06
9.901306839310564101e-06
2.582547494967002422e-06
4.028473085782025009e-06
2.185612629546085373e-06
4.955253189109498635e-06
8.065088877629023045e-06
3.020555368493660353e-06
1.256324685527943075e-05
1.666631078478530981e-06
2.304078225279226899e-05
6.853748345747590065e-06
1.565017009852454066e-04
1.997472281800583005e-05
7.053581157379085198e-06
2.427777144475840032e-05
1.003032321023056284e-05
5.989438250253442675e-06
6.868896434752969071e-06
5.555770258069969714e-06
7.856399861339014024e-06
1.109327240556012839e-05
5.290342232910916209e-05
1.618075543774466496e-06
2.556808794906828552e-06
4.132816229684976861e-06
2.372849121456965804e-05
6.842280981800286099e-06
4.342046850069891661e-06
5.951939601800404489e-05
2.163481258321553469e-05
1.737695470183098223e-06
1.345000782748684287e-05
1.773466101440135390e-05
1.782786171133921016e-06
1.971518713617115282e-06
2.156477712560445070e-04
4.451291533769108355e-05
2.491347913746722043e-05
2.744576886470895261e-05
7.813786396582145244e-06
2.341967956454027444e-06
1.170773157355142757e-05
6.309458058240124956e-06
6.220216164365410805e-05
2.522403065086109564e-06
5.477794911712408066e-05
4.754567271447740495e-06
3.785609806072898209e-05
1.199778853333555162e-05
6.752589797542896122e-06
3.700139359352760948e-06
1.112794234359171242e-05
3.410365752642974257e-05
1.163123015430755913e-04
1.765750312188174576e-05
6.471206143032759428e-05
1.899606868391856551e-04
1.482182051404379308e-05
4.258153494447469711e-04
3.913402906619012356e-06
3.831033609458245337e-06
3.458401988609693944e-05
7.325379556277766824e-05
1.880348463600967079e-06
1.109193835873156786e-04
6.794111413910286501e-06
9.438811503059696406e-06
3.242891807531123050e-06
4.050440111313946545e-05
1.072339182428549975e-05
4.363624611869454384e-06
3.152337012579664588e-05
9.965649951482191682e-06
6.200164352776482701e-05
6.160455995996017009e-06
6.492269221780588850e-06
1.676935207797214389e-04
7.273585197253851220e-06
1.165313915407750756e-05
2.581264925538562238e-05
5.292988589644664899e-06
4.700658791989553720e-06
1.147288003267021850e-05
1.598081689735408872e-05
2.128431697201449424e-05
4.030582658742787316e-06
2.307588374605984427e-06
9.836199751589447260e-06
3.040212504856754094e-05
3.102968094026437029e-06
1.705008799035567790e-06
1.526749201730126515e-06
6.034312718838918954e-06
4.322789209254551679e-06
7.403113613690948114e-06
2.179908733523916453e-06
7.135256055335048586e-06
6.531710823765024543e-06
6.458970347011927515e-06
3.193044904037378728e-06
2.468181719450512901e-06
3.041895070055034012e-06
1.070929829438682646e-05
1.804814473871374503e-06
8.780181087786331773e-05
1.201788563776062801e-05
1.512183189333882183e-06
9.404927368450444192e-06
2.325631612620782107e-06
2.120237923008971848e-06
2.936568080258439295e-06
4.943990461470093578e-06
6.823494913987815380e-05
1.522822913102572784e-06
7.030815322650596499e-05
2.884649120460380800e-06
2.061154555121902376e-05
1.445954694645479321e-05
1.701685278021614067e-06
1.733775934553705156e-05
1.862087628978770226e-05
1.053029700415208936e-04
6.109887181082740426e-06
9.766487892193254083e-06
1.271349447051761672e-05
3.766071677091531456e-05
7.820832252036780119e-06
1.593793399479181971e-06
7.599914624734083191e-06
8.040751708904281259e-06
3.779455801122821867e-05
3.325653960928320885e-05
1.260604494746075943e-05
2.830066478054504842e-06
2.588640745671000332e-05
2.569392563600558788e-06
6.743895482941297814e-06
4.191729749436490238e-05
6.110551112215034664e-06
1.245591411134228110e-04
1.854187871686008293e-06
1.648021861910820007e-05
1.693420813353441190e-06
1.262685964320553467e-05
2.167809952879906632e-06
4.033522418467327952e-05
2.458079143252689391e-05
3.417658035687054507e-06
2.134203214154695161e-06
2.036138466792181134e-04
2.253482080050162040e-06
1.754765071382280439e-05
1.003018842311576009e-04
2.456729453115258366e-05
2.053992648143321276e-05
3.735157179107773118e-06
1.936604348884429783e-06
4.028169314551632851e-06
4.626117879524827003e-05
4.016177263110876083e-05
7.691340215387754142e-06
1.970971425180323422e-05
1.254299149877624586e-05
3.106606982328230515e-06
1.013997552945511416e-05
2.609809371278970502e-06
3.681589987536426634e-06
7.602067853440530598e-06
3.395078965695574880e-05
1.900054121506400406e-05
1.027816688292659819e-05
3.130333425360731781e-05
3.222301893401890993e-05
2.855128741430235095e-06
6.581507932423846796e-06
3.622070289566181600e-05
9.138480891124345362e-06
1.832463931350503117e-05
7.500693754991516471e-06
3.283280648247455247e-06
5.369371501728892326e-05
5.519705155165866017e-06
5.901830263610463589e-06
3.796159489866113290e-06
3.587482069633551873e-06
5.705288276658393443e-05
6.607708201045170426e-06
1.057142890203977004e-05
1.166486799775157124e-05
1.376718046230962500e-06
1.966904392247670330e-06
1.293603509111562744e-05
1.669222115197044332e-06
3.762098003790015355e-06
5.059235263615846634e-06
3.064183374590356834e-06
6.275267514865845442e-05
7.877947609813418239e-06
2.260919472973910160e-06
1.612974847375880927e-05
1.045177759806392714e-05
1.019153114611981437e-05
2.593784884084016085e-04
1.720354521239642054e-05
3.502166691760066897e-06
8.065088877629023045e-06
3.020555368493660353e-06
1.256324685527943075e-05
1.666631078478530981e-06
2.304078225279226899e-05
6.853748345747590065e-06
1.565017009852454066e-04
1.997472281800583005e-05
7.053581157379085198e-06
2.427777144475840032e-05
1.003032321023056284e-05
5.989438250253442675e-06
6.868896434752969071e-06
5.555770258069969714e-06
7.856399861339014024e-06
1.109327240556012839e-05
5.290342232910916209e-05
1.618075543774466496e-06
2.556808794906828552e-06
4.132816229684976861e-06
2.372849121456965804e-05
6.842280981800286099e-06
4.342046850069891661e-06
5.951939601800404489e-05
2.163481258321553469e-05
1.737695470183098223e-06
1.345000782748684287e-05
1.773466101440135390e-05
1.782786171133921016e-06
1.971518713617115282e-06
2.156477712560445070e-04
4.451291533769108355e-05
2.491347913746722043e-05
2.744576886470895261e-05
7.813786396582145244e-06
2.341967956454027444e-06
1.170773157355142757e-05
6.309458058240124956e-06
6.220216164365410805e-05
2.522403065086109564e-06
5.477794911712408066e-05
4.754567271447740495e-06
3.785609806072898209e-05
1.199778853333555162e-05
6.752589797542896122e-06
3.700139359352760948e-06
1.112794234359171242e-05
3.410365752642974257e-05
1.163123015430755913e-04
1.765750312188174576e-05
