2.113808732246980071e-04
1.810279900382738560e-05
2.172008862544316798e-05
8.650336894788779318e-06
5.318349940353073180e-05
2.636950921441894025e-05
1.702884037513285875e-05
1.706359580566640943e-05
5.163595778867602348e-05
8.991407412395346910e-06
1.522374222986400127e-04
1.966000490938313305e-05
1.863537181634455919e-05
1.392992180626606569e-05
8.345283276867121458e-06
4.929583883495070040e-05
9.946233149094041437e-06
2.631901224958710372e-05
1.667344440647866577e-05
3.598822877393104136e-05
1.247790987690677866e-05
1.153953053290024400e-05
7.557193839602405205e-06
1.748757676978129894e-05
8.234525012085214257e-06
2.574451791588217020e-04
7.768401992507278919e-04
3.279977681813761592e-05
8.370801515411585569e-05
4.173398192506283522e-04
1.025436358759179711e-04
3.508272129693068564e-05
1.358732151857111603e-05
1.109693403122946620e-05
1.746171255945228040e-05
3.175660822307690978e-05
2.045157816610299051e-05
1.181696552521316335e-05
2.734728332143276930e-04
5.881652668904280290e-06
4.420996992848813534e-05
9.072009561350569129e-06
2.740810487011913210e-05
7.900390301074367017e-06
1.359336147288559005e-05
4.137996438657864928e-05
8.363993763923645020e-01
8.304316401481628418e-01
8.296230435371398926e-01
8.296092748641967773e-01
7.637401722604408860e-05
1.718122985039371997e-05
7.075549365254119039e-05
3.371708953636698425e-05
2.622330612211953849e-05
2.961928294098470360e-05
5.690335456165485084e-05
3.310610918560996652e-05
1.494680327596142888e-05
7.822590123396366835e-05
5.993151717120781541e-06
1.753100805217400193e-04
1.594923924130853266e-05
1.957880340341944247e-05
2.519354165997356176e-05
1.296029950026422739e-05
1.669771969318389893e-02
1.281830282096052542e-05
8.100354170892387629e-05
3.956481814384460449e-04
2.694950962904840708e-04
4.915707177133299410e-05
3.041352465515956283e-05
1.419374621036695316e-05
8.417904609814286232e-04
1.138527113653253764e-05
4.353073381935246289e-05
4.003092544735409319e-05
2.705740371311549097e-05
4.037474718643352389e-05
2.362252962484490126e-05
3.701800233102403581e-05
2.525656600482761860e-05
2.972596303152386099e-05
6.992162525421008468e-05
1.478132253396324813e-05
1.425813388777896762e-05
1.413036516169086099e-04
7.657222886336967349e-05
1.885263627627864480e-04
7.556689524790272117e-06
1.657692337175831199e-04
2.929622423835098743e-04
9.265701174736022949e-01
9.266292452812194824e-01
9.193645119667053223e-01
9.366154670715332031e-01
9.392333626747131348e-01
9.153779745101928711e-01
9.381524920463562012e-01
1.313440297963097692e-04
3.101294350926764309e-05
4.365528366179205477e-05
2.528833101678173989e-05
8.398888894589617848e-06
8.373275399208068848e-01
8.297073841094970703e-01
8.296176791191101074e-01
8.296184539794921875e-01
8.295786976814270020e-01
8.295862078666687012e-01
8.295849561691284180e-01
8.295531868934631348e-01
8.295801877975463867e-01
8.560325503349304199e-01
2.858951920643448830e-04
8.647522918181493878e-05
1.504850224591791630e-04
2.065885382762644440e-05
4.148262552917003632e-03
7.375405402854084969e-06
4.778600123245269060e-04
3.217815537936985493e-05
8.195728696591686457e-06
8.822842937661334872e-05
2.261644403915852308e-04
1.828965177992358804e-04
9.883430720947217196e-06
3.315191861474886537e-05
5.238917583483271301e-05
4.907108086626976728e-05
9.666312507761176676e-06
2.838017280737403780e-05
2.683496859390288591e-05
3.863379606627859175e-05
3.811081114690750837e-05
1.554775280965259299e-06
1.207896129926666617e-04
2.077527024084702134e-04
1.258666452486068010e-04
7.862047641538083553e-04
6.977517041377723217e-04
1.845638507802505046e-05
8.706500011612661183e-06
1.406232695444487035e-05
7.068293780321255326e-05
3.304050187580287457e-05
4.195500878267921507e-05
5.662857438437640667e-05
4.323832399677485228e-06
1.429758704034611583e-04
8.254463864432182163e-06
4.250166821293532848e-04
3.907494465238414705e-05
4.314300895202904940e-06
8.095010343822650611e-06
4.696680480265058577e-05
1.786335633369162679e-04
1.617101042938884348e-05
8.156119292834773660e-06
1.651985439821146429e-05
2.408207656117156148e-04
8.383807289646938443e-05
4.499976967053953558e-06
2.160948206437751651e-04
1.806056047826132271e-06
9.333317575510591269e-05
1.979221451620105654e-05
6.443200982175767422e-05
1.638129833736456931e-05
2.140579999831970781e-05
1.763697218848392367e-04
7.746767369098961353e-05
8.938043902162462473e-05
6.717444921378046274e-05
1.864948899310547858e-05
8.361485600471496582e-01
8.256340026855468750e-01
8.293920159339904785e-01
8.292951583862304688e-01
8.279220461845397949e-01
8.295385837554931641e-01
8.275429010391235352e-01
8.291170001029968262e-01
2.202197210863232613e-03
1.244896848220378160e-04
5.314022419042885303e-04
4.414775503391865641e-06
1.572016481077298522e-04
4.530177102424204350e-05
7.427698437822982669e-05
1.620958028070162982e-05
4.798352529178373516e-05
2.655048410815652460e-05
3.027885977644473314e-04
2.378724020672962070e-04
4.231533966958522797e-04
1.170864743471611291e-05
1.154363621026277542e-03
1.446386449970304966e-04
2.312793731107376516e-05
2.050911643891595304e-05
1.990051350730936974e-05
4.247075776220299304e-05
1.935705768119078130e-05
1.289992633246583864e-05
1.291088992729783058e-04
6.346848385874181986e-05
2.652193688845727593e-05
1.536825948278419673e-05
2.099434459523763508e-05
1.000588508759392425e-05
9.635479727876372635e-06
1.642271854507271200e-05
2.154999674530699849e-05
3.496188583085313439e-05
3.566271334420889616e-05
1.586105281603522599e-05
2.119964119629003108e-05
2.604272413009312004e-05
2.041708648903295398e-05
2.499338734196498990e-05
1.424478796252515167e-05
8.808153324935119599e-06
1.919697206176351756e-05
2.470928302500396967e-05
4.079646168975159526e-05
3.034827568626496941e-05
3.456301783444359899e-05
1.892883119580801576e-05
2.219418274762574583e-05
3.421924338908866048e-05
5.260825855657458305e-05
1.593586057424545288e-05
8.691073162481188774e-05
3.255129922763444483e-05
1.497108405601466075e-05
3.443510504439473152e-04
1.595632966200355440e-05
1.248444023076444864e-04
4.233077197568491101e-05
1.317348414886510000e-05
1.218883971887407824e-05
1.020889521896606311e-05
1.361731210636207834e-05
1.168236849480308592e-05
1.013791643345030025e-05
2.170501284126657993e-05
1.323526248597772792e-05
1.063268973666708916e-05
1.220760750584304333e-04
2.674759161891415715e-05
1.541396522952709347e-05
1.800335667212493718e-05
2.925501576100941747e-05
2.379655838012695312e-03
2.523557304812129587e-05
4.162193363299593329e-05
2.704785765672568232e-05
2.875426798709668219e-05
2.543941081967204809e-05
6.466113518399652094e-06
1.233145758305909112e-05
1.213113500853069127e-05
2.410244997008703649e-05
2.709375985432416201e-05
2.094830779242329299e-05
3.581175114959478378e-03
3.336308145662769675e-05
7.377803558483719826e-05
2.739519550232216716e-05
1.772120231180451810e-05
2.519262852729298174e-05
1.523970786365680397e-05
7.733407983323559165e-05
1.436782258679158986e-05
1.340537983196554706e-05
1.572100154589861631e-05
2.289249387104064226e-04
1.630243968975264579e-05
1.581259886734187603e-03
1.742149288475047797e-05
7.645358709851279855e-05
3.183483568136580288e-05
2.434342786727938801e-05
6.159193617349956185e-06
3.037132228200789541e-05
1.198731297336053103e-05
1.176272598968353122e-05
3.426090916036628187e-05
1.158115901489509270e-05
1.108646119973855093e-05
3.129781180177815259e-05
1.520657951914472505e-05
3.135804217890836298e-05
2.489039434294681996e-05
1.381664478685706854e-04
4.223343785270117223e-05
2.509331352484878153e-05
6.875371582282241434e-06
4.353123222244903445e-05
4.751497181132435799e-05
1.387173775583505630e-03
8.625978080090135336e-05
5.689749377779662609e-05
7.153925253078341484e-05
1.127243667724542320e-04
5.608574720099568367e-04
9.177803294733166695e-04
7.976818014867603779e-04
3.652379018603824079e-05
1.285379257751628757e-04
1.147154907812364399e-04
2.543494701967574656e-05
9.065842459676787257e-05
2.490339393261820078e-04
6.489535007858648896e-05
1.202598068630322814e-04
9.809172479435801506e-04
1.621733244974166155e-04
1.339597656624391675e-04
1.999650703510269523e-05
7.167978765210136771e-05
6.052192475181072950e-05
3.469961939117638394e-06
1.588440354680642486e-04
3.786859087995253503e-05
2.805259100568946451e-06
2.757763286354020238e-05
3.464809560682624578e-04
3.379834379302337766e-05
7.319322321563959122e-06
4.087379784323275089e-05
2.207790748798288405e-05
1.077835713658714667e-05
9.366129347654350568e-07
1.941703339980449528e-05
1.346069893770618364e-06
7.147494216042105108e-06
1.406678074999945238e-05
3.123608985333703458e-05
1.091013018594821915e-05
5.607188995782053098e-06
4.977691787644289434e-05
2.524867304600775242e-04
1.623436219233553857e-05
1.366865399177186191e-05
1.811443689803127199e-05
1.363625960948411375e-05
1.487763165641808882e-05
4.499239003052935004e-05
1.398494714521802962e-05
1.578481897013261914e-05
1.031210049404762685e-04
1.356807933916570619e-05
5.430464079836383462e-05
6.408676563296467066e-05
3.920722519978880882e-05
2.784379466902464628e-05
1.644669828237965703e-05
1.190485636470839381e-04
2.485552795405965298e-05
4.671407441492192447e-05
1.168519884231500328e-05
1.980569686566013843e-05
2.230804602731950581e-05
1.533245267637539655e-05
2.771636900433804840e-05
4.352641553850844502e-05
8.124817213683854789e-06
3.887208731612190604e-05
1.906866782519500703e-05
5.464438436320051551e-05
5.313179644872434437e-05
2.181175295845605433e-05
3.047640893782954663e-05
2.065368462353944778e-04
1.252579022548161447e-05
2.018584564211778343e-05
1.277726987609639764e-04
2.435429632896557450e-05
3.083205956500023603e-05
1.550540218886453658e-05
2.789344034681562334e-05
2.121319084835704416e-05
1.295219317398732528e-05
1.114703900384483859e-05
1.609985702089034021e-05
2.892964039347134531e-05
4.525971598923206329e-05
1.103881746530532837e-03
5.464094283524900675e-05
3.988665412180125713e-05
4.841997906623873860e-06
1.358330609946278855e-05
1.010604137263726443e-05
1.299128507525892928e-05
3.641451621660962701e-05
1.893381340778432786e-05
1.256117393495514989e-04
2.241319598397240043e-04
1.492660521762445569e-05
3.893835310009308159e-05
3.656937406049109995e-05
3.266611020080745220e-05
9.319533273810520768e-05
5.276310548651963472e-05
1.005251760943792760e-04
4.181720214546658099e-05
2.760773350019007921e-04
5.868067091796547174e-05
4.468981205718591809e-05
2.036621299339458346e-05
1.052610878105042502e-05
1.961461020982824266e-05
6.009530625306069851e-05
5.350515129975974560e-04
4.827652883250266314e-04
1.591600012034177780e-04
3.147638562950305641e-05
1.773779076756909490e-04
1.048715239448938519e-05
1.044714299496263266e-04
2.394998955423943698e-05
1.972238715097773820e-05
2.227934601251035929e-05
3.421271685510873795e-05
9.291332389693707228e-05
1.496017921454040334e-05
1.118010641221189871e-05
1.284267727896803990e-05
3.805742380791343749e-05
1.810279900382738560e-05
2.522440809116233140e-05
2.346330438740551472e-05
2.954103001684416085e-05
2.448606028337962925e-05
1.802520819182973355e-05
1.586477446835488081e-05
4.091950540896505117e-05
1.920198883453849703e-05
1.180005074274959043e-05
1.756261735863517970e-05
2.067383320536464453e-05
2.099162338708993047e-05
9.117509762290865183e-06
2.919784048572182655e-03
1.934624197019729763e-05
1.953657738340552896e-05
1.213048653880832717e-05
2.603770917630754411e-05
1.616610643395688385e-05
2.234010935353580862e-05
2.445679638185538352e-05
3.253770773881115019e-05
2.463775163050740957e-04
5.100103589938953519e-05
2.556826984800864011e-05
5.875066563021391630e-05
1.764417174854315817e-05
6.234779488295316696e-03
1.311668165726587176e-04
2.346684050280600786e-05
3.775464210775680840e-05
8.289935067296028137e-05
2.229890378657728434e-04
1.213918949360959232e-05
5.435756174847483635e-04
1.850552216637879610e-04
1.068059737008297816e-05
2.854307967936620116e-05
3.904134428012184799e-05
5.536571552511304617e-05
1.708745694486424327e-04
3.479101578705012798e-04
1.977119973162189126e-05
5.379283174988813698e-05
2.162085002055391669e-05
7.468381227226927876e-05
5.233105912338942289e-05
2.489177131792530417e-05
1.257382449693977833e-03
7.771347009111195803e-05
2.922035055235028267e-03
9.853085066424682736e-05
2.200022572651505470e-05
1.102912065107375383e-04
8.269106911029666662e-05
7.218794780783355236e-05
1.296141272177919745e-05
8.821782830636948347e-05
6.558838776982156560e-06
1.605171928531490266e-05
1.519573561381548643e-05
5.853368566022254527e-05
8.757112482271622866e-06
9.351043445349205285e-06
2.485035838617477566e-05
9.149038814939558506e-04
1.877320755738765001e-04
1.127671475842362270e-05
1.856155176938045770e-05
1.148536011896794662e-05
2.547927942941896617e-05
4.573247679218184203e-06
1.416994291503215209e-05
1.313675147684989497e-05
1.599978713784366846e-05
1.870773667178582400e-05
1.532689566374756396e-05
3.128951357211917639e-05
9.742372640175744891e-05
1.400213477609213442e-05
1.248809985554544255e-05
1.439917832612991333e-05
3.022304372279904783e-05
2.938357647508382797e-05
2.148207931895740330e-05
5.798092388431541622e-06
2.286324888700619340e-05
2.846023380698170513e-05
1.347212582913925871e-05
2.369292087678331882e-05
2.345954453630838543e-05
1.136023820436093956e-05
1.657799657550640404e-05
9.844504347711335868e-06
1.845107180997729301e-05
6.234301690710708499e-05
1.984562732104677707e-05
3.167240720358677208e-05
1.790142050595022738e-05
1.272772442462155595e-05
1.503271596448030323e-05
2.220586793555412441e-05
2.339105230930726975e-05
4.088775676791556180e-05
3.236088741687126458e-05
5.016165960114449263e-05
5.035960930399596691e-05
1.036993762681959197e-05
1.157067163148894906e-05
1.838916796259582043e-05
3.341198680573143065e-05
1.699175845715217292e-05
8.999540114018600434e-06
1.024511857394827530e-05
1.045136832544812933e-05
1.051705839927308261e-05
3.469193688943050802e-05
1.329867609456414357e-05
7.969068974489346147e-06
2.099034099956043065e-05
1.255478036910062656e-05
4.575644197757355869e-05
6.811909406678751111e-05
9.671660336607601494e-06
9.923729521688073874e-05
1.427723691449500620e-05
1.882050673884805292e-05
2.770939136098604649e-05
1.738982246024534106e-05
2.356902041356079280e-05
2.829035292961634696e-05
2.877972838177811354e-05
1.820306715671904385e-05
2.079064142890274525e-05
1.024615448841359466e-05
7.093780368450097740e-06
2.481824594724457711e-05
1.716678525554016232e-05
1.472428630222566426e-05
1.048559170158114284e-05
1.904885539261158556e-05
2.289597614435479045e-05
5.467043956741690636e-05
1.655938285693991929e-05
2.382647107879165560e-05
1.332741885562427342e-05
9.712477549328468740e-06
9.807919923332519829e-06
1.667258584348019212e-05
2.375550138822291046e-05
2.145533835573587567e-05
1.149026775237871334e-05
1.596153379068709910e-05
4.195957080810330808e-05
2.551648140070028603e-05
1.203113151859724894e-05
2.365201544307637960e-05
1.521403555670985952e-05
1.540141784062143415e-05
1.419434101990191266e-05
1.306272042711498216e-05
1.057539247995009646e-05
1.766319473972544074e-05
1.016558508126763627e-05
9.398014299222268164e-06
1.358066310785943642e-05
1.510603760834783316e-05
8.802711818134412169e-06
1.330189752479782328e-05
4.308634743210859597e-05
2.342788866371847689e-05
8.882334441295824945e-06
4.427427120390348136e-05
2.751012652879580855e-05
1.010022242553532124e-05
6.761648546671494842e-05
4.153003101237118244e-05
9.263260835723485798e-06
4.676140815718099475e-05
1.054832682712003589e-04
2.006053182412870228e-05
2.301502172485925257e-05
2.807100281643215567e-05
4.136434290558099747e-05
2.600790467113256454e-04
5.704403520212508738e-06
9.086191312235314399e-06
2.558870983193628490e-05
3.864757672999985516e-05
2.845458948286250234e-05
2.000776294153183699e-05
1.456379868614021689e-05
3.922128962585702538e-05
1.547337888041511178e-05
1.231500791618600488e-04
5.649437662214040756e-05
2.543436676205601543e-05
1.272976442123763263e-05
1.090762889361940324e-04
1.005428566713817418e-05
1.907430487335659564e-05
3.089663368882611394e-05
1.100655354093760252e-04
2.035479701589792967e-05
2.955686613859143108e-05
2.164923898817505687e-05
1.376655836793361232e-05
3.490005838102661073e-05
1.150105526903644204e-04
4.746262129629030824e-05
9.674863395048305392e-05
2.576324368419591337e-05
3.172409924445673823e-05
1.271280416403897107e-05
2.207462239312008023e-05
1.912486914079636335e-05
2.516971835575532168e-05
1.272362260351656005e-05
1.666184107307344675e-05
2.033164346357807517e-04
2.725068588915746659e-05
1.708864328975323588e-05
2.613981268950738013e-05
2.655959906405769289e-05
3.505283093545585871e-04
1.169561255665030330e-05
1.239150442415848374e-04
1.263976355403428897e-05
2.748898805293720216e-05
1.020887611957732588e-05
1.978534601221326739e-05
7.879938493715599179e-06
6.333860801532864571e-05
2.821916496031917632e-05
2.543533628340810537e-05
1.599161078047472984e-05
4.401923069963231683e-05
2.173741268052253872e-05
9.285708983952645212e-06
3.355183798703365028e-05
2.313627737748902291e-05
1.094203616958111525e-05
3.284090416855178773e-05
8.599750799476169050e-06
1.556033021188341081e-05
1.724005414871498942e-05
9.732505532156210393e-06
1.644760777708142996e-05
7.212145192170282826e-06
2.179270450142212212e-05
1.049789898388553411e-05
2.828139622579328716e-05
2.318637234566267580e-05
1.207110199175076559e-05
1.622944000700954348e-05
1.441544645786052570e-05
1.896457069960888475e-05
1.375613828713539988e-05
9.692380444903392345e-06
2.857979779946617782e-05
1.080991751223336905e-05
1.675499333941843361e-05
2.847462383215315640e-05
1.583221819601021707e-05
1.930068719957489520e-05
3.391535574337467551e-05
1.645077645662240684e-05
3.356156594236381352e-05
2.385211519140284508e-05
9.332014087704010308e-06
6.871596269775182009e-06
2.257909727632068098e-05
2.076567579933907837e-05
6.931377720320597291e-05
1.029265422403113917e-05
4.377993536763824522e-05
3.273122274549677968e-05
1.186898589367046952e-05
2.152387060050386935e-05
2.645756831043399870e-05
1.693801277724560350e-05
1.570472886669449508e-05
5.562524529523216188e-05
1.872472967079374939e-05
3.182457658112980425e-05
6.628333358094096184e-05
1.254190283361822367e-05
3.523084524204023182e-05
2.410084016446489841e-05
5.176552804186940193e-05
1.621372211957350373e-05
4.770202212966978550e-05
1.896710273285862058e-05
8.520370101905427873e-06
3.648827987490221858e-05
1.142880591942230240e-05
9.159517503576353192e-05
2.473832864779978991e-05
1.231202168128220364e-05
1.653076105867512524e-05
1.647432509344071150e-05
9.782586857909336686e-06
4.214588625472970307e-05
4.073053059983067214e-05
1.314008986810222268e-04
1.870930427685379982e-04
6.880485307192429900e-05
1.369059646094683558e-05
4.275022074580192566e-04
2.674417373782489449e-05
1.872401044238358736e-04
4.043138324050232768e-05
1.378375687636435032e-03
5.368613346945494413e-05
9.389002661919221282e-05
5.080899427412077785e-05
6.332495831884443760e-05
2.437232615193352103e-05
4.098777208128012717e-05
1.533584509161300957e-05
1.511771188233979046e-05
1.342989708064123988e-05
1.641639209992717952e-05
2.829267396009527147e-05
2.547913209127727896e-05
2.441885590087622404e-05
6.616486189159331843e-06
1.655423511692788452e-05
2.972862785100005567e-05
1.387574593536555767e-05
1.181160314445151016e-05
1.521635749668348581e-05
3.536420990712940693e-05
2.022835542447865009e-05
2.505667907826136798e-05
1.507685010437853634e-05
3.104662027908489108e-05
2.006676913879346102e-05
1.527634776721242815e-05
2.047581619990523905e-05
1.498162419011350721e-05
5.529691043193452060e-05
1.480841365264495835e-05
1.869136576715391129e-05
1.202830844704294577e-05
3.100750109297223389e-05
4.213961801724508405e-05
4.092052040505222976e-05
4.143998739891685545e-05
3.917262074537575245e-05
6.408505214494653046e-06
3.413775993976742029e-05
2.195570777985267341e-05
1.308473838435020298e-05
2.531468089728150517e-05
8.420318408752791584e-06
2.570905235188547522e-05
2.902481173805426806e-05
3.435198959778062999e-05
1.236126990988850594e-05
1.742136009852401912e-05
9.882204722089227289e-06
8.936440281104296446e-06
1.215823704114882275e-05
1.625143340788781643e-05
1.394927676301449537e-05
2.322572072444017977e-05
2.092770046147052199e-05
1.028778660838725045e-05
8.802493539405986667e-06
8.746278581384103745e-06
1.636446540942415595e-05
6.792099884478375316e-05
7.257821562234312296e-05
1.640058690099976957e-05
1.336096556769916788e-05
2.440479511278681457e-05
9.006181062432006001e-05
1.420564076397567987e-04
4.002962668891996145e-05
2.027509435720276088e-05
4.176499351160600781e-05
3.083035335293971002e-05
1.772448194969911128e-05
9.814058103074785322e-06
1.934000647452194244e-05
1.960638110176660120e-05
6.010161450831219554e-05
7.830212780390866101e-06
4.872598765359725803e-06
4.756837734021246433e-05
3.625360477599315345e-05
6.012523954268544912e-06
2.275635597470682114e-05
4.467581675271503627e-06
5.532486829906702042e-05
1.386489930155221373e-05
1.050945866154506803e-05
1.212481947732158005e-05
4.932101583108305931e-04
3.645308242994360626e-05
1.551300783830811270e-06
4.249522462487220764e-04
2.248635246360208839e-05
9.844406304182484746e-05
4.257640102878212929e-04
2.453830384183675051e-04
1.393744150846032426e-05
2.708247393456986174e-06
6.088650843594223261e-05
8.958471880760043859e-06
1.758782491378951818e-05
7.996505701157730073e-06
3.041491618205327541e-05
2.089599001919850707e-05
4.628156602848321199e-05
1.921512739500030875e-04
1.205288222990930080e-03
9.947498328983783722e-04
5.609625441138632596e-05
1.204714499181136489e-04
6.729023880325257778e-05
3.800026752287521958e-05
8.915230864658951759e-05
2.076068449241574854e-05
2.864921589207369834e-05
7.243081199703738093e-05
1.323026081081479788e-04
2.692787347768899053e-05
8.874652121448889375e-05
3.394797022338025272e-05
3.269814988016150892e-05
1.028631504595978186e-05
6.124148785602301359e-05
1.191941737488377839e-05
6.082522668293677270e-05
9.614386726752854884e-06
4.180970790912397206e-05
1.880000490928068757e-04
1.811926631489768624e-04
7.162792826420627534e-06
6.667577963526127860e-06
2.875402569770812988e-04
4.996594041585922241e-03
4.885619637207128108e-05
2.611674062791280448e-05
3.391490099602378905e-05
1.471255200158338994e-05
5.461020555230788887e-05
8.183476165868341923e-04
4.692677975981496274e-05
3.321774056530557573e-05
5.291881461744196713e-05
7.168060983531177044e-05
1.865841841208748519e-05
6.112503469921648502e-04
5.306647653924301267e-05
1.082139206118881702e-04
7.032995199551805854e-05
3.625238896347582340e-04
2.640801176312379539e-05
2.561107248766347766e-05
1.529883011244237423e-04
2.189354505389928818e-03
9.082062169909477234e-04
1.686842733761295676e-04
1.371843427477870136e-05
2.030744508374482393e-04
2.063304054900072515e-05
2.558907544880639762e-05
1.031668216455727816e-05
5.728092583012767136e-05
2.881806722143664956e-05
1.877728391264099628e-05
1.930129656102508307e-05
5.073041756986640394e-05
9.922036952048074454e-06
1.562528341310098767e-04
2.155367474188096821e-05
1.899296694318763912e-05
1.526688174635637552e-05
9.525049790681805462e-06
5.408220749814063311e-05
1.150479693023953587e-05
2.987601692439056933e-05
1.808333399822004139e-05
3.972566264565102756e-05
1.401524241373408586e-05
1.351862556475680321e-05
8.823497410048730671e-06
2.061225495708640665e-05
9.465520633966661990e-06
3.211994189769029617e-04
1.098598702810704708e-03
3.334606299176812172e-05
8.861113747116178274e-05
5.699752364307641983e-04
1.070132129825651646e-04
3.759075116249732673e-05
1.534013063064776361e-05
1.191428054880816489e-05
2.033359123743139207e-05
3.256645140936598182e-05
2.216207758465316147e-05
1.339620484941406175e-05
4.207249730825424194e-04
6.831847713328897953e-06
4.527879718807525933e-05
1.059813894244143739e-05
2.955187846964690834e-05
9.098053851630538702e-06
1.520369369245599955e-05
4.384156272863037884e-05
8.320787549018859863e-01
8.247704505920410156e-01
8.249478340148925781e-01
8.250931501388549805e-01
8.071270713116973639e-05
1.917410190799273551e-05
8.792262815404683352e-05
3.613741864683106542e-05
2.745770689216442406e-05
3.290250242571346462e-05
6.505366036435589194e-05
3.623828888521529734e-05
1.583528319315519184e-05
8.779302152106538415e-05
6.875633516756352037e-06
1.908555568661540747e-04
1.666344724071677774e-05
2.147986560885328799e-05
2.697781565075274557e-05
1.477491059631574899e-05
1.815114729106426239e-02
1.462701857235515490e-05
9.379749099025502801e-05
3.853704838547855616e-04
3.895297995768487453e-04
5.035048525314778090e-05
3.290874519734643400e-05
1.565904130984563380e-05
8.618206484243273735e-04
1.276157399843214080e-05
4.976377385901287198e-05
4.430066837812773883e-05
2.713934918574523181e-05
4.763065953738987446e-05
2.514345032977871597e-05
3.696787462104111910e-05
2.683648017409723252e-05
3.218094570911489427e-05
7.834900316083803773e-05
1.610993240319658071e-05
1.558308031235355884e-05
1.549628650536760688e-04
8.599794819019734859e-05
1.902019284898415208e-04
8.599652574048377573e-06
2.328204282093793154e-04
3.586841048672795296e-04
9.267539381980895996e-01
9.263581037521362305e-01
9.202415347099304199e-01
9.376266598701477051e-01
9.394825696945190430e-01
9.147495031356811523e-01
9.371699094772338867e-01
1.074454194167628884e-04
3.438522617216221988e-05
3.765436122193932533e-05
2.284485344716813415e-05
9.951707397704012692e-06
8.313180804252624512e-01
8.238544464111328125e-01
8.241271376609802246e-01
8.252997994422912598e-01
8.239184021949768066e-01
8.252594470977783203e-01
8.253161907196044922e-01
8.254451155662536621e-01
8.252261877059936523e-01
8.739995360374450684e-01
2.657560398802161217e-04
9.829604823607951403e-05
2.355610486119985580e-04
1.868812250904738903e-05
3.404584247618913651e-03
7.885952982178423554e-06
4.755600239150226116e-04
3.814004230662249029e-05
8.705145774001721293e-06
9.936626884154975414e-05
2.042878477368503809e-04
1.956082851393148303e-04
1.427379174856469035e-05
5.410356607171706855e-05
5.292002242640592158e-05
4.473568696994334459e-05
1.125990820582956076e-05
2.965602470794692636e-05
2.983356898766942322e-05
4.785319470101967454e-05
3.648615893325768411e-05
1.616406848370388616e-06
1.211219132528640330e-04
2.961970458272844553e-04
1.340428134426474571e-04
8.010577876120805740e-04
7.479673367924988270e-04
2.259568282170221210e-05
8.930484909797087312e-06
1.559689189889468253e-05
1.612872292753309011e-04
3.897111673722974956e-05
4.483404700295068324e-05
6.562383350683376193e-05
4.550780886347638443e-06
1.252279762411490083e-04
8.978769074019510299e-06
4.928069538436830044e-04
3.842315345536917448e-05
4.832947070099180564e-06
9.121162293013185263e-06
5.284946746542118490e-05
1.778053119778633118e-04
1.875306952570099384e-05
9.624385711504146457e-06
1.896363028208725154e-05
3.409165074117481709e-04
9.687390411272644997e-05
5.306402272253762931e-06
2.138759155059233308e-04
2.104928398694028147e-06
8.590835932409390807e-05
2.187255449825897813e-05
6.364315049722790718e-05
1.772698306012898684e-05
2.593911813164595515e-05
1.767018256941810250e-04
7.940678187878802419e-05
9.603315265849232674e-05
7.112214370863512158e-05
2.065115404548123479e-05
8.409564495086669922e-01
8.214125037193298340e-01
8.250254392623901367e-01
8.246355056762695312e-01
8.241013884544372559e-01
8.247914314270019531e-01
8.246609568595886230e-01
8.245871663093566895e-01
2.774471417069435120e-03
1.567424478707835078e-04
5.450028111226856709e-04
6.063814453227678314e-06
1.554745249450206757e-04
4.668281326303258538e-05
7.172251935116946697e-05
1.657900793361477554e-05
4.768378494190983474e-05
2.886397305701393634e-05
2.628889342304319143e-04
2.874481724575161934e-04
4.646883462555706501e-04
1.275472368433838710e-05
1.004424993880093098e-03
1.397464948240667582e-04
2.429931373626459390e-05
2.222785951744299382e-05
2.227316508651711047e-05
4.367910150904208422e-05
2.184741242672316730e-05
1.430439897376345471e-05
1.201173436129465699e-04
6.440755532821640372e-05
2.834693077602423728e-05
1.687891381152439862e-05
2.152146953449118882e-05
1.145724490925204009e-05
1.105841602111468092e-05
1.822161539166700095e-05
2.362424311286304146e-05
4.344567787484265864e-05
3.664915129775181413e-05
1.696141771390102804e-05
2.306089663761667907e-05
2.817740096361376345e-05
2.242469781776890159e-05
2.898807724704965949e-05
1.659737426962237805e-05
1.023588902171468362e-05
2.145186226698569953e-05
2.795381078612990677e-05
4.180368705419823527e-05
3.345155346323736012e-05
3.932364415959455073e-05
2.056134690064936876e-05
2.500197115296032280e-05
3.854124588542617857e-05
6.860934081487357616e-05
1.747713940858375281e-05
1.161723121185787022e-04
3.455698606558144093e-05
1.717371014819946140e-05
3.419535933062434196e-04
1.746406087477225810e-05
1.193597854580730200e-04
4.042479122290387750e-05
1.439028346794657409e-05
1.495465949119534343e-05
1.129859901993768290e-05
1.503443763795075938e-05
1.298043753195088357e-05
1.155525660578859970e-05
2.414229311398230493e-05
1.529742803541012108e-05
1.189569502457743511e-05
1.690997596597298980e-04
2.981402758450713009e-05
1.763572618074249476e-05
2.000020685954950750e-05
3.166479655192233622e-05
3.581059630960226059e-03
2.699732249311637133e-05
4.349081791588105261e-05
2.842063804564531893e-05
3.277657378930598497e-05
2.703694917727261782e-05
7.419879693770781159e-06
1.471506402594968677e-05
1.322409661952406168e-05
2.730096821323968470e-05
2.945539927168283612e-05
2.242957452835980803e-05
2.634759759530425072e-03
3.606178142945282161e-05
7.754483522148802876e-05
2.937990757345687598e-05
1.936364787979982793e-05
2.661091457412112504e-05
1.716606311674695462e-05
8.490928303217515349e-05
1.641850576561409980e-05
1.505881664343178272e-05
1.769693335518240929e-05
2.362772647757083178e-04
1.804793100745882839e-05
1.408108510076999664e-03
1.878620241768658161e-05
7.894192822277545929e-05
3.319104871479794383e-05
2.755271270871162415e-05
6.893722002132562920e-06
3.308499435661360621e-05
1.364423405902925879e-05
1.339776281383819878e-05
3.719191954587586224e-05
1.340072776656597853e-05
1.272744611924281344e-05
3.310345709905959666e-05
1.717063241812866181e-05
3.352190105943009257e-05
2.788902565953321755e-05
1.330152881564572453e-04
4.247808828949928284e-05
2.653989940881729126e-05
8.214884474000427872e-06
4.271165380487218499e-05
5.045199941378086805e-05
1.944121206179261208e-03
9.848322224570438266e-05
7.101723167579621077e-05
7.746936898911371827e-05
1.598006492713466287e-04
7.434555445797741413e-04
1.118096755817532539e-03
1.889881445094943047e-03
4.182242628303356469e-05
1.332859828835353255e-04
1.711299119051545858e-04
2.823434624588117003e-05
8.809207065496593714e-05
2.302828652318567038e-04
6.581177876796573400e-05
1.334010594291612506e-04
1.612999127246439457e-03
1.966713025467470288e-04
1.416633167536929250e-04
2.094664887408725917e-05
8.481355325784534216e-05
7.045171514619141817e-05
3.768824171856977046e-06
1.605093857506290078e-04
3.817442848230712116e-05
3.344558763274108060e-06
2.774971835606265813e-05
4.682359285652637482e-04
3.435896724113263190e-05
8.668950613355264068e-06
4.581892426358535886e-05
2.524862065911293030e-05
1.109775894292397425e-05
1.034792944665241521e-06
2.193302498199045658e-05
1.541965616524976213e-06
7.564577117591397837e-06
1.536274976388085634e-05
3.288427615188993514e-05
1.090023943106643856e-05
6.048203431419096887e-06
5.479549872688949108e-05
1.973339822143316269e-04
1.678272201388608664e-05
1.500218422734178603e-05
1.896223875519353896e-05
1.545674240333028138e-05
1.547717147332150489e-05
4.728268686449155211e-05
1.550921842863317579e-05
1.817824158933945000e-05
1.037189213093370199e-04
1.531821726530324668e-05
5.484819484991021454e-05
7.060377538437023759e-05
4.195324800093658268e-05
3.126639785477891564e-05
1.803736631700303406e-05
1.304756005993112922e-04
2.614936238387599587e-05
5.209881783230230212e-05
1.343149779131636024e-05
2.196940658905077726e-05
2.455139110679738224e-05
1.687035364739131182e-05
3.034335531992837787e-05
5.478112871060147882e-05
9.599105396773666143e-06
4.082849045516923070e-05
2.081466664094477892e-05
5.872472684131935239e-05
5.918923852732405066e-05
2.410219713055994362e-05
3.154056685161776841e-05
2.505053998902440071e-04
1.443133351131109521e-05
2.245718678750563413e-05
1.288685598410665989e-04
2.609714465506840497e-05
3.174840094288811088e-05
1.700024949968792498e-05
3.232202652725391090e-05
2.403473808954004198e-05
1.449473984393989667e-05
1.265496030100621283e-05
1.762605825206264853e-05
3.004587961186189204e-05
4.679588892031461000e-05
1.240044599398970604e-03
5.656122448272071779e-05
4.074016760569065809e-05
5.414055067376466468e-06
1.489730857429094613e-05
1.119422176998341456e-05
1.460826842958340421e-05
3.863313031615689397e-05
2.011503238463774323e-05
1.252005022251978517e-04
2.134312235284596682e-04
1.588596933288499713e-05
4.246415483066812158e-05
4.064245513291098177e-05
3.543952698237262666e-05
1.050162827596068382e-04
5.403045724960975349e-05
1.082249582395888865e-04
4.455444650375284255e-05
2.329681010451167822e-04
6.293167825788259506e-05
4.699901910498738289e-05
2.305434463778510690e-05
1.169945062429178506e-05
2.217327892140019685e-05
7.640323019586503506e-05
6.340456893667578697e-04
6.121267797425389290e-04
1.771347015164792538e-04
3.649638529168441892e-05
2.469183818902820349e-04
1.168011931440560147e-05
1.468174450565129519e-04
2.475034125382080674e-05
2.286494964209850878e-05
2.444399433443322778e-05
3.722158362506888807e-05
1.053741871146485209e-04
1.672191683610435575e-05
1.243914084625430405e-05
1.447606337023898959e-05
4.191285916022025049e-05
2.046894405793864280e-05
2.746784048213157803e-05
2.577277882664930075e-05
3.398382978048175573e-05
2.983715239679440856e-05
1.905774115584790707e-05
1.774496195139363408e-05
4.272734076948836446e-05
2.085559754050336778e-05
1.275557497137924656e-05
1.922560841194353998e-05
2.273494646942708641e-05
2.341278923267964274e-05
1.017237445921637118e-05
1.773550175130367279e-03
2.156831396860070527e-05
2.169744038837961853e-05
1.364268518955213949e-05
2.764923374343197793e-05
1.808788692869711667e-05
2.508503348508384079e-05
2.567896262917201966e-05
3.413431113585829735e-05
4.697146941907703876e-04
5.969508856651373208e-05
2.784738171612843871e-05
6.873920938232913613e-05
1.939610228873789310e-05
8.285710588097572327e-03
1.572210021549835801e-04
2.453526576573494822e-05
3.866313272737897933e-05
8.956738020060583949e-05
2.801693044602870941e-04
1.419099862687289715e-05
5.108455661684274673e-04
2.217702858615666628e-04
1.243619863089406863e-05
3.107884913333691657e-05
4.241918941261246800e-05
5.657599831465631723e-05
1.940922811627388000e-04
5.014354246668517590e-04
2.086878703266847879e-05
6.212906737346202135e-05
2.283122012158855796e-05
8.432669710600748658e-05
5.953091749688610435e-05
2.703689824556931853e-05
1.590985106304287910e-03
7.694428495597094297e-05
3.954723477363586426e-03
1.200788610731251538e-04
2.312579817953519523e-05
1.201683262479491532e-04
9.616988245397806168e-05
7.039732008706778288e-05
1.554996015329379588e-05
8.339593478012830019e-05
7.204789199022343382e-06
1.891767897177487612e-05
1.768600122886709869e-05
6.191874126670882106e-05
1.015193447528872639e-05
1.104884449887322262e-05
2.719826807151548564e-05
1.330222934484481812e-03
2.152194792870432138e-04
1.283161054743686691e-05
2.056099401670508087e-05
1.322494244959671050e-05
2.655238131410442293e-05
4.986959538655355573e-06
1.596657239133492112e-05
1.477012119721621275e-05
1.792287548596505076e-05
2.098295590258203447e-05
1.747009082464501262e-05
3.454499164945445955e-05
9.786255395738407969e-05
1.663232978899031878e-05
1.391781006532255560e-05
1.603892633283976465e-05
3.193524025846272707e-05
3.329636456328444183e-05
2.426966966595500708e-05
6.714804840157739818e-06
2.399500226601958275e-05
3.167584873153828084e-05
1.445738234906457365e-05
2.522866634535603225e-05
2.625100387376733124e-05
1.326683013758156449e-05
1.835512557590845972e-05
1.126204460888402537e-05
1.929472637129947543e-05
6.466813647421076894e-05
2.270147342642303556e-05
3.625190947786904871e-05
1.932805935211945325e-05
1.456785412301542237e-05
1.666512980591505766e-05
2.438578849250916392e-05
2.542713809816632420e-05
4.484606324695050716e-05
3.473298420431092381e-05
5.290170520311221480e-05
5.127261101733893156e-05
1.191489354823715985e-05
1.322894058830570430e-05
2.071565359074156731e-05
3.607148391893133521e-05
1.882361175375990570e-05
1.062341652868781239e-05
1.181110656034434214e-05
1.233143393619684502e-05
1.226926269737305120e-05
3.637644113041460514e-05
1.475162389397155493e-05
9.147373930318281054e-06
2.308668626938015223e-05
1.392596277582924813e-05
5.054291250417008996e-05
7.224283763207495213e-05
1.102506757888477296e-05
9.568844689056277275e-05
1.612305823073256761e-05
2.097305514325853437e-05
2.986325853271409869e-05
1.936843182193115354e-05
2.528818913560826331e-05
3.253783143009059131e-05
3.108151577180251479e-05
1.991127646761015058e-05
2.257993583043571562e-05
1.206022807309636846e-05
7.972839739522896707e-06
2.688599670364055783e-05
1.862614954006858170e-05
1.658883047639392316e-05
1.202353723783744499e-05
2.045885412371717393e-05
2.425405364192556590e-05
6.198750634212046862e-05
1.909255843202117831e-05
2.495309126970823854e-05
1.466990579501725733e-05
1.166989841294707730e-05
1.140304811997339129e-05
1.888663791760336608e-05
2.712796413106843829e-05
2.362730629101861268e-05
1.304410852753790095e-05
1.753605647536460310e-05
4.597285806084983051e-05
2.813234641507733613e-05
1.364329727948643267e-05
2.625030356284696609e-05
1.702020381344482303e-05
1.711356162559241056e-05
1.594122659298591316e-05
1.470429106120718643e-05
1.187075304187601432e-05
2.071488233923446387e-05
1.179799164674477652e-05
1.095877541956724599e-05
1.536480158392805606e-05
1.735092700982932001e-05
1.022456308419350535e-05
1.517909367976244539e-05
4.685165913542732596e-05
2.494226828275714070e-05
1.002308454189915210e-05
5.050884647062048316e-05
2.882554326788522303e-05
1.140656058851163834e-05
6.722994294250383973e-05
4.222574716550298035e-05
1.059816895576659590e-05
5.005973071092739701e-05
1.020692143356427550e-04
2.162188138754572719e-05
2.504542680981103331e-05
3.127880336251109838e-05
4.148656807956285775e-05
2.813696337398141623e-04
6.362201020237989724e-06
1.044799046212574467e-05
2.779627902782522142e-05
3.899866351275704801e-05
3.046443634957540780e-05
2.216522625531069934e-05
1.655426603974774480e-05
4.166518192505463958e-05
1.715166399662848562e-05
1.145231217378750443e-04
5.736811726819723845e-05
2.809615216392558068e-05
1.436619186279131100e-05
1.312224776484072208e-04
1.134150079451501369e-05
2.049767863354645669e-05
3.283025580458343029e-05
1.143266053986735642e-04
2.234718340332619846e-05
3.058115908061154187e-05
2.301726090081501752e-05
1.488618909206707031e-05
3.531551192281767726e-05
1.222227147081866860e-04
4.743818499264307320e-05
9.564247011439874768e-05
2.675448013178538531e-05
3.265025952714495361e-05
1.447857539460528642e-05
2.434993075439706445e-05
2.056707307929173112e-05
2.688994572963565588e-05
1.446164242224767804e-05
1.909729326143860817e-05
2.787303237710148096e-04
2.911535193561576307e-05
1.978321233764290810e-05
2.679377575987018645e-05
2.861361463146749884e-05
3.211321018170565367e-04
1.364738363918149844e-05
1.303787139477208257e-04
1.448401599191129208e-05
2.987710104207508266e-05
1.145900387200526893e-05
2.220779424533247948e-05
9.308211701863911003e-06
6.300114910118281841e-05
2.934056647063698620e-05
2.740938725764863193e-05
1.744569999573286623e-05
4.664609878091141582e-05
2.378696626692544669e-05
1.080395031749503687e-05
3.491726965876296163e-05
2.576228689576964825e-05
1.229776444233721122e-05
3.416782055865041912e-05
9.997138477046974003e-06
1.717066515993792564e-05
1.924338357639499009e-05
1.151777269114973024e-05
1.876282112789340317e-05
8.368970156880095601e-06
2.362523264309857041e-05
1.241241989191621542e-05
3.028689752682112157e-05
2.597674574644770473e-05
1.420621811121236533e-05
1.843772224674466997e-05
1.623361822566948831e-05
2.137805677193682641e-05
1.562999386806041002e-05
1.119548142014537007e-05
3.297349030617624521e-05
1.247290038008941337e-05
1.963836257345974445e-05
3.092287079198285937e-05
1.769781010807491839e-05
2.174060318793635815e-05
3.405526877031661570e-05
1.821497971832286566e-05
3.561407720553688705e-05
2.707095518417190760e-05
1.047782461682800204e-05
7.855029252823442221e-06
2.384147228440269828e-05
2.264013710373546928e-05
7.475271559087559581e-05
1.146146405517356470e-05
4.491479921853169799e-05
3.533605922712013125e-05
1.389058797940379009e-05
2.299852349096909165e-05
2.873740959330461919e-05
1.692147998255677521e-05
1.747830719978082925e-05
5.886720100534148514e-05
2.084112384181935340e-05
3.268739601480774581e-05
7.641262345714494586e-05
1.361815702694002539e-05
3.920606832252815366e-05
2.499684524082113057e-05
6.201281212270259857e-05
1.997618892346508801e-05
5.517244426300749183e-05
2.095028503390494734e-05
1.000964493869105354e-05
3.884577745338901877e-05
1.308576156588969752e-05
9.191461867885664105e-05
2.634814154589548707e-05
1.361358590656891465e-05
1.825351318984758109e-05
1.818119017116259784e-05
1.122858520830050111e-05
4.540782902040518820e-05
4.179575626039877534e-05
1.342248142464086413e-04
1.813245326047763228e-04
6.893942190799862146e-05
1.499952213634969667e-05
4.638301907107234001e-04
2.886006404878571630e-05
1.893290755106136203e-04
4.188285311101935804e-05
1.586205326020717621e-03
5.286973100737668574e-05
1.041749783325940371e-04
5.272885027807205915e-05
6.352109630824998021e-05
2.659804886206984520e-05
4.295919643482193351e-05
1.640718801354523748e-05
1.721122498565819114e-05
1.502929171692812815e-05
1.815045652620028704e-05
3.005934922839514911e-05
2.772638617898337543e-05
2.676596341188997030e-05
7.683701369387563318e-06
1.846423765528015792e-05
3.167992690578103065e-05
1.569748201291076839e-05
1.354190226265927777e-05
1.713586971163749695e-05
4.113583054277114570e-05
2.135751492460258305e-05
2.702931851672474295e-05
1.701105247775558382e-05
3.268094224040396512e-05
2.121410034305881709e-05
1.664018236624542624e-05
2.207279248978011310e-05
1.656548010942060500e-05
5.849920125911012292e-05
1.668824006628710777e-05
2.040896833932492882e-05
1.375987631035968661e-05
3.331526386318728328e-05
4.434860238688997924e-05
4.436581730260513723e-05
4.627397720469161868e-05
4.168946907157078385e-05
7.570776688226033002e-06
3.805444794124923646e-05
2.373002826061565429e-05
1.493275613029254600e-05
2.843722722900565714e-05
9.961259820556733757e-06
2.884564491978380829e-05
3.120845940429717302e-05
3.768324313568882644e-05
1.408483603881904855e-05
1.936819171532988548e-05
1.146052363765193149e-05
1.018544935504905879e-05
1.403317673975834623e-05
1.819378121581394225e-05
1.581631295266561210e-05
2.649006273713894188e-05
2.197982212237548083e-05
1.157119004346895963e-05
9.687778401712421328e-06
1.029707254929235205e-05
1.908782542159315199e-05
6.929653318366035819e-05
7.029916741885244846e-05
1.628991412871982902e-05
1.734578108880668879e-05
2.708133615669794381e-05
8.436964708380401134e-05
1.410497643519192934e-04
4.383123814477585256e-05
2.143811980204191059e-05
4.458428520592860878e-05
3.106352960458025336e-05
1.927912853716406971e-05
1.081306254491209984e-05
2.181886702601332217e-05
2.139563730452209711e-05
6.537149602081626654e-05
8.897331099433358759e-06
6.277330157899996266e-06
4.738854113384149969e-05
3.289333835709840059e-05
7.306447969313012436e-06
2.298192703165113926e-05
5.190672709431964904e-06
5.706910087610594928e-05
1.566794344398658723e-05
1.258772408618824556e-05
1.373153645545244217e-05
5.363901145756244659e-04
3.758074672077782452e-05
1.706839043436048087e-06
6.292315665632486343e-04
2.416714960418175906e-05
1.163689885288476944e-04
3.514942072797566652e-04
2.221950708189979196e-04
1.544561746413819492e-05
3.043540345970541239e-06
5.680039976141415536e-05
1.007414266496198252e-05
1.939282810781151056e-05
7.745715265627950430e-06
3.529749665176495910e-05
2.143004530807957053e-05
5.068917016615159810e-05
2.733133151195943356e-04
1.230508903972804546e-03
1.415911829099059105e-03
1.026209138217382133e-04
1.396951993228867650e-04
5.834065086673945189e-05
3.506696884869597852e-05
8.754398004384711385e-05
2.201760617026593536e-05
2.837827923940494657e-05
6.845967436674982309e-05
1.445069938199594617e-04
3.862267112708650529e-05
1.345210621366277337e-04
3.614482557168230414e-05
3.414124148548580706e-05
1.160964438895462081e-05
5.651544779539108276e-05
1.342064024356659502e-05
5.657772999256849289e-05
1.095627794711617753e-05
3.925590135622769594e-05
1.605341822141781449e-04
1.607780723134055734e-04
7.930933861644007266e-06
7.899215233919676393e-06
2.974109956994652748e-04
7.418738212436437607e-03
5.522655555978417397e-05
3.744309651665389538e-05
3.700296656461432576e-05
1.667827928031329066e-05
5.177184721105732024e-05
8.649785304442048073e-04
5.035711365053430200e-05
3.971149999415501952e-05
6.731943722115829587e-05
8.923625864554196596e-05
2.042187588813249022e-05
1.121812616474926472e-03
7.030500273685902357e-05
1.099667133530601859e-04
6.691538146696984768e-05
2.840636880137026310e-04
3.766330337384715676e-05
3.138697138638235629e-05
1.767994108377024531e-04
2.661168342456221581e-03
1.452023978345096111e-03
1.563925179652869701e-04
1.456888185202842578e-05
