9.990448355674743652e-01
9.993957281112670898e-01
9.993932247161865234e-01
6.286154985427856445e-01
9.996577501296997070e-01
9.995844960212707520e-01
9.975478053092956543e-01
9.993531107902526855e-01
9.995970129966735840e-01
9.975392818450927734e-01
9.978662133216857910e-01
9.990346431732177734e-01
9.997141957283020020e-01
9.997306466102600098e-01
9.981278777122497559e-01
9.957400560379028320e-01
9.994367957115173340e-01
9.969292283058166504e-01
9.990808963775634766e-01
9.997941851615905762e-01
9.987240433692932129e-01
9.973226189613342285e-01
9.992375373840332031e-01
9.990127086639404297e-01
9.994561076164245605e-01
9.996178150177001953e-01
9.976952672004699707e-01
9.996454715728759766e-01
9.996178150177001953e-01
9.993977546691894531e-01
9.981169700622558594e-01
9.946379065513610840e-01
9.995818734169006348e-01
9.996032118797302246e-01
9.992669224739074707e-01
9.995418787002563477e-01
9.992156028747558594e-01
9.979289770126342773e-01
9.993689656257629395e-01
9.987059831619262695e-01
9.978933930397033691e-01
9.997168183326721191e-01
9.993651509284973145e-01
9.995218515396118164e-01
9.996511936187744141e-01
9.994207620620727539e-01
9.997199177742004395e-01
9.995231628417968750e-01
9.989928603172302246e-01
9.992498755455017090e-01
9.995958209037780762e-01
9.986156225204467773e-01
9.995509982109069824e-01
9.994314312934875488e-01
9.997575879096984863e-01
9.950784444808959961e-01
9.989323019981384277e-01
9.964597821235656738e-01
9.981659054756164551e-01
9.991809725761413574e-01
9.994164705276489258e-01
9.996582269668579102e-01
9.993380904197692871e-01
9.977717995643615723e-01
9.993692040443420410e-01
9.997348189353942871e-01
9.997711777687072754e-01
9.997375607490539551e-01
9.972875118255615234e-01
9.994260072708129883e-01
9.986598491668701172e-01
9.938886165618896484e-01
9.994680285453796387e-01
9.941885471343994141e-01
9.980435371398925781e-01
9.987210631370544434e-01
9.990295171737670898e-01
9.992249011993408203e-01
9.997414946556091309e-01
9.991104006767272949e-01
9.988237023353576660e-01
9.956251978874206543e-01
9.995623230934143066e-01
9.987251162528991699e-01
9.396410584449768066e-01
9.848265647888183594e-01
9.994788765907287598e-01
9.924482107162475586e-01
9.965314269065856934e-01
9.969466328620910645e-01
9.997730851173400879e-01
9.996945858001708984e-01
9.989321827888488770e-01
5.039664506912231445e-01
9.992980957031250000e-01
9.995754361152648926e-01
9.995310306549072266e-01
9.997251629829406738e-01
9.988615512847900391e-01
9.996829032897949219e-01
