4.718759072375178221e-08
4.718759072375178221e-08
4.718759072375178221e-08
4.718759072375178221e-08
4.718759072375178221e-08
4.718759072375178221e-08
4.718759072375178221e-08
4.718759072375178221e-08
4.718759072375178221e-08
4.718759072375178221e-08
4.718759072375178221e-08
4.718759072375178221e-08
4.718759072375178221e-08
4.718759072375178221e-08
4.718759072375178221e-08
4.718759072375178221e-08
4.718759072375178221e-08
4.718759072375178221e-08
4.718759072375178221e-08
4.718759072375178221e-08
4.718759072375178221e-08
4.718759072375178221e-08
4.718759072375178221e-08
4.718759072375178221e-08
4.718759072375178221e-08
4.718759072375178221e-08
4.718759072375178221e-08
4.718759072375178221e-08
4.718759072375178221e-08
4.718759072375178221e-08
4.718759072375178221e-08
4.718759072375178221e-08
4.718759072375178221e-08
4.718759072375178221e-08
4.718759072375178221e-08
4.718759072375178221e-08
4.718759072375178221e-08
4.718759072375178221e-08
4.718759072375178221e-08
4.718759072375178221e-08
4.718759072375178221e-08
4.718759072375178221e-08
4.718759072375178221e-08
4.718759072375178221e-08
4.718759072375178221e-08
4.718759072375178221e-08
4.718759072375178221e-08
4.718759072375178221e-08
4.718759072375178221e-08
4.718759072375178221e-08
2.033891810526711197e-08
1.277690397927244703e-08
9.498501540861070680e-09
7.150670722211316388e-09
6.969495203179576492e-09
6.347843584109114090e-09
7.276950153567440793e-09
8.597186962333580595e-09
5.036866923546767794e-09
4.225954697290035256e-09
3.296297013122284625e-09
1.944042971047110768e-08
5.278510517570111915e-09
7.023152726048920158e-09
6.401108976206160150e-09
7.204857599418801328e-09
5.531473057374114433e-09
5.295835769913992408e-09
9.979705062335142429e-09
5.800606217576387280e-09
6.187740986263179366e-09
1.144108985329239658e-08
1.222729739680517014e-08
8.004157336927164579e-09
1.295234230980213397e-08
7.203826868362739333e-09
7.500559284778773872e-09
7.108813537826108586e-09
3.812411275561089496e-09
6.339809122124506757e-09
6.788609674401868688e-09
6.932531881886916381e-09
8.033246956529183080e-09
1.127686832802510253e-08
1.259888904314721003e-08
5.287075666160490073e-09
9.378749332711322495e-09
4.659762353753649222e-09
8.124112049756604392e-09
7.834310977727909631e-09
7.518578648557650013e-09
2.160158096842224040e-08
1.655271653078216332e-08
1.816164996171210078e-08
3.879648602378438227e-09
5.796978452821122119e-09
7.993767425773512514e-09
8.449851485181625321e-09
1.191601750605286725e-08
8.891162472934865946e-09
4.101502248943234008e-09
3.068381326798430564e-09
7.189126183249072710e-09
3.993307906569043553e-09
3.752711030813316029e-09
6.199305957466094696e-09
6.839217636667171973e-09
5.056262963876179128e-09
8.511382709741610597e-09
1.663424598064011661e-08
3.050938168769334879e-09
7.172936911103988677e-09
7.132799684228530168e-09
1.523834747274577239e-08
3.586582808523530730e-09
1.286930562116594956e-08
4.019388377685118030e-09
5.202684949523472824e-09
8.385341310201965825e-09
2.968983947582159999e-09
4.184974589094281328e-09
4.331099479060185331e-09
1.478301303592388649e-08
6.968777999105668641e-09
9.623784436030291545e-09
3.265546277830821964e-09
3.096820799797228574e-09
7.618632835715288820e-09
1.060350207637839048e-08
4.067931325124618525e-09
5.623974175250623375e-09
4.845275292097994679e-09
1.315879671892616898e-08
9.999179840087890625e-01
9.998916387557983398e-01
9.998909235000610352e-01
9.998911619186401367e-01
9.998896121978759766e-01
9.998929500579833984e-01
2.323763936828981969e-07
1.881880734799779020e-06
1.670526444286224432e-06
1.233515263265871909e-06
8.585654853732194169e-08
3.488332112056014012e-08
7.095781739963058499e-09
2.259629354739445262e-07
8.956095420842302701e-09
2.082870942388126423e-08
4.897249716862006608e-09
6.711824429572743611e-09
1.841085150999788311e-08
3.019400551806938893e-08
6.597855595202872792e-09
7.985309302682708221e-09
6.488878323551716676e-09
9.190859628915859503e-09
1.291083062682218952e-08
7.875977203752881906e-09
1.063757348873650699e-08
3.830677108851432422e-09
4.241434758966988738e-09
3.894573108453869281e-09
3.808370063751453927e-09
8.357621261723124917e-09
5.602807551241539841e-09
1.695130436019098852e-07
6.869365520856263174e-09
1.116928061151156726e-08
4.752139126651400147e-09
3.443556106930145688e-09
5.111328693629957343e-09
4.864925795544650100e-09
3.384690083763075563e-09
4.490352978336886736e-09
6.527197893291258879e-09
1.187737463936855420e-08
6.541193808828893452e-09
3.649440749597943068e-09
2.407523069791750459e-09
1.232620583380139578e-08
3.839030426888712100e-09
8.936097195544334681e-09
6.414455189229784082e-09
4.002847386885832748e-09
3.097921208450316044e-08
2.339048066346549604e-09
9.999303817749023438e-01
9.998919963836669922e-01
9.998906850814819336e-01
9.998923540115356445e-01
9.998892545700073242e-01
8.896830081539519597e-07
3.577594043235876597e-07
3.384781877002751571e-08
3.306569240635326423e-08
4.027847566590025963e-08
1.498811386113629851e-08
6.432269383793709494e-09
9.587037652636354323e-08
2.145973709843929100e-08
1.372975155788935808e-08
3.729356379267301236e-09
5.152481463710500975e-08
3.514764479461973679e-09
4.706280698485443281e-09
8.356059844061292097e-09
5.426367799543641013e-09
3.607950915807123238e-08
1.057583389751926006e-07
4.744051818050820657e-09
7.283337488672714244e-09
4.134136144529065859e-09
5.310259343360712592e-09
7.696626447284415917e-09
4.460808611383981770e-09
4.086042171280723778e-09
7.187042072587246366e-09
9.848736937101421063e-09
1.522007764265254082e-08
1.142948580223901445e-08
1.810251148981478764e-08
1.710253805242700764e-08
4.703265332750561356e-09
5.325718088755593271e-09
6.634641280811592878e-09
4.170646938916888757e-09
1.862581768818927230e-07
1.861753595733262046e-08
6.865462420790890974e-09
1.003949989808461396e-08
1.198144872205375577e-08
1.381633740749066419e-08
1.403105009956107097e-08
1.205636976919777226e-07
1.349286016250061948e-08
1.934536797421060328e-08
1.223028167629536256e-08
8.983263022344090132e-09
1.973407393052184489e-08
3.280216320789008932e-09
5.881128917195610484e-09
7.732618101385924092e-09
1.093669652618700638e-07
6.668311680613214776e-09
3.171633977672172477e-08
3.625382660743525776e-08
1.846715846909319225e-08
7.588178085882191226e-09
1.192238308078685805e-08
6.429693222287369281e-09
3.139643922622781247e-08
3.788482860755948423e-09
4.685581700414331863e-09
2.042428803861184861e-08
1.626981571689611883e-08
2.752652106252639896e-09
1.786272818549150543e-08
1.602521493282438314e-08
1.593182807901882825e-09
2.065389281824536738e-08
2.860689685135753280e-09
5.031931316068494198e-09
3.225827382991042214e-09
1.708782377818351961e-07
7.798767853728350019e-09
9.633389197460928699e-09
4.943490949926854228e-08
1.023501194907794343e-08
7.247307642899158964e-09
3.164961182022807407e-09
5.927786705939297462e-09
4.960631461159437094e-09
4.737966019519035399e-09
6.816141873144943020e-09
1.177775814653614361e-07
4.259668173745012609e-09
8.952969920983377961e-09
4.729073133091787895e-09
6.512797412483450898e-09
1.437033692042177790e-08
3.327959685606174389e-09
1.361153145751359261e-08
6.633857019266997668e-09
1.532611371146685997e-08
1.470491906019333328e-08
4.130699338134036225e-09
7.197234364042515153e-09
4.999414660034062763e-09
4.206084813773713904e-09
8.941518636618184246e-09
3.459731834354329294e-09
6.698191334919556539e-09
4.664039376933715175e-09
5.274444880853934592e-09
3.087350464170413034e-08
6.985718226104609130e-09
1.848843522722631860e-09
5.217932042000938964e-08
1.176538244607172601e-08
1.946128058705198782e-08
4.010567877799076086e-08
1.178217967634509478e-08
5.393225865901740690e-09
3.945685556061562238e-09
2.485723182843457835e-09
8.869904810637763148e-09
1.135413274511165582e-08
9.737319395242138853e-09
3.017713723352244415e-08
1.088510259705799399e-08
1.955340600545696361e-08
7.691915548946326453e-09
2.604793358784718293e-08
1.618388751012389548e-06
2.681211519472981308e-08
7.991678430130377819e-09
1.869921106845140457e-08
1.624897549845627509e-08
1.267459470710718961e-08
1.264371860543178627e-07
3.790551872384639864e-08
1.995846687918856333e-08
4.474623693795365398e-08
1.553211248506158881e-08
1.602641361841961043e-07
3.539428661269994336e-08
1.131651856667303946e-07
9.586177185383348842e-08
8.183258870531062712e-08
1.227688617433386753e-08
1.890350809219398798e-08
2.026963485945998400e-08
5.043134354565381727e-09
1.060499865701558520e-08
3.401009678327682195e-07
1.668409055355368764e-07
9.586063498545627226e-09
5.953995962926228458e-09
1.814440686587204254e-08
2.878242089110472079e-09
4.144699694563769299e-09
3.826011507612747664e-09
1.750120226517992705e-08
4.186964375207935518e-08
2.079588057313230820e-08
5.659368440547041246e-08
6.714974354338210105e-09
3.673303439200026332e-09
7.181972350167598051e-09
8.533082684891724057e-09
5.966023230996597704e-09
5.179951134692828418e-09
4.077579163208611135e-09
3.959753858140402372e-09
5.781188416875693292e-09
6.394946794330280682e-09
7.272288105042434836e-09
6.279036846024155238e-09
3.908183110468144150e-09
7.257267231608466318e-09
2.720525582589061742e-09
7.636804078003933682e-09
1.083024336878679605e-08
6.799806495649818316e-09
1.442911123916701399e-08
3.912031587560704793e-09
7.957622116805396217e-09
2.133973531215360708e-08
6.486465586874601286e-09
9.320187288608394738e-09
1.804996685450532823e-08
4.065332515068575958e-09
1.735662991109165887e-08
3.087502253862339785e-09
3.753577004772523651e-09
5.623749022021229393e-09
8.463222123111791007e-09
5.181818973909457782e-09
8.940615359165349219e-09
6.020366427605949866e-09
1.079516298574390021e-08
8.832174103190482128e-09
9.448125837252518977e-09
6.567082877495522553e-09
1.059600140962402293e-08
2.507709595533924585e-09
4.383139184938045219e-09
6.377090411291419514e-09
3.832336226139432256e-09
4.621419247285984966e-09
3.964975903159029258e-09
5.165960548225712046e-09
5.456206153553466720e-09
8.507584858818972862e-09
3.700856954225173467e-09
8.074231061527825659e-09
7.148407643597920469e-09
6.339603952909556028e-09
3.914039314878436926e-09
3.494976752449474589e-09
3.692635308638614333e-09
4.272288300910531689e-09
7.800776025135292002e-09
1.612386890670336470e-09
1.339497734953454255e-09
2.853262515145615907e-09
4.732757119541020074e-08
1.553208228699531901e-08
9.815266821533441544e-08
1.496240642495649809e-08
1.705029539778024628e-08
3.401472881137124205e-08
8.474096802046915400e-08
1.580503976583713666e-07
6.800350949021094493e-09
5.802398561627342133e-09
1.619939293817651560e-09
9.575209070078471996e-09
2.855853997729695948e-09
5.607372344229588634e-09
3.585898689095756708e-09
3.676962512244585923e-09
6.354263781815916445e-09
5.909419620309108723e-09
1.576963626348515390e-08
7.691622450067825412e-09
8.881772650681796222e-09
7.614376684728085820e-09
9.655832577948331163e-09
2.264256782069651308e-09
4.226809569018996626e-09
1.348339218054661615e-08
2.165644730212079594e-08
5.119592749736057158e-09
7.490266185072869121e-09
8.351916491733391013e-09
3.679228699482450793e-09
4.571935718900022039e-09
4.629387717614008579e-08
2.015917388575871882e-08
2.302854573699164575e-09
7.039139049425102712e-09
2.325015735493707325e-08
6.657001616616753381e-09
2.787556141470304283e-08
3.779672397286049090e-08
2.284380462569401971e-09
3.886128752128570341e-09
1.528226967195678299e-08
1.063000887313592102e-08
1.093769768090169237e-07
2.887024663777992828e-07
9.386842236835946096e-08
8.658077632617278141e-08
1.949862138417302049e-08
7.258652345853988663e-09
1.560735540806490462e-06
8.548281194009632600e-09
4.853463408949210134e-08
1.220304302051999912e-08
8.699490017249900120e-09
7.182246353210075540e-09
3.295058670360617725e-09
2.915138708203812712e-08
1.208249784667714266e-07
1.928542836537872063e-08
1.180472395390097518e-07
1.554473705311920639e-08
7.050455508306185948e-08
1.463388343836413696e-07
3.713671148375397024e-08
8.380132499041792471e-08
1.010718886362838020e-08
1.204305721813625496e-08
7.765773801793329767e-08
1.551429278379146126e-07
8.212463598056274350e-09
1.550920387671794742e-07
1.193522081166520366e-07
4.671811826284510971e-09
5.187920759652797642e-09
3.279565508051973666e-09
1.562302998081577243e-08
4.052009838773074080e-09
5.254623403061486897e-09
3.927717262541818855e-09
5.436955774484886206e-09
3.004984261423260250e-09
5.486155973954964793e-09
3.363029410508033834e-09
3.895806344189622905e-09
1.129680260447685214e-08
7.520916334158300742e-09
3.616575039444569484e-09
4.062472580557141555e-09
3.358954643317701994e-07
2.229246343077306847e-09
6.344844649674996617e-08
5.302668526496745471e-09
3.001988213569006803e-09
2.173526914006629340e-09
3.603169318466825644e-09
2.800568665861646878e-09
2.191267833850929492e-09
3.632641742967734899e-09
3.165425921380915497e-09
4.434857370227973661e-09
8.007699392464928678e-09
3.620101329815383906e-09
3.672098625173703113e-09
4.329026470628605239e-09
4.530356090270970526e-09
3.910860080225120328e-09
4.252110663571784244e-09
8.423926445288998366e-09
3.864434550138184932e-09
3.009005045129242717e-09
3.283997296321672366e-09
2.378004460013016796e-09
5.949046588682449510e-09
3.227599965072158739e-09
4.126478714283621230e-09
7.096133902706469598e-09
3.590457264834867601e-09
2.348856886769112862e-09
3.323341601912943588e-09
6.119525775005740797e-09
3.084706268197123791e-09
2.885860883594659754e-09
4.146012422268086084e-09
5.709075434623400724e-09
6.145351338915361339e-09
8.301903164920076961e-09
3.706211337828335672e-09
3.653431557282260655e-09
4.181081258991525829e-09
3.126895187222089589e-09
2.493710571371821061e-09
2.534507936857721688e-09
2.509159324759480114e-09
1.976223629185369646e-09
2.227887208050560730e-08
4.735256187160530317e-09
6.196917645695521060e-09
2.849955382799862491e-09
2.761886941371471949e-09
3.516547941728731530e-09
3.291898975632534530e-09
4.092476579842241335e-09
2.820915590007189166e-08
3.354579281023006843e-09
2.544762622846974409e-09
4.014162779952812343e-09
2.698252732358241701e-09
4.895941874138998173e-09
2.421024269949612062e-09
3.138493021026533825e-09
6.591604151395813460e-09
2.836701318287282447e-09
3.507096835164702497e-09
2.094630691118481991e-09
2.905888640825082803e-09
2.809396271175046422e-09
1.348295430858570398e-08
5.710076855791612616e-09
2.154955325295304647e-09
5.766079613778174462e-09
1.970991370114916208e-09
2.826730627347728841e-09
2.403155230368270168e-09
2.729611203733384173e-09
3.107234025634397767e-09
2.204687321594178684e-09
2.617082328626452181e-09
3.928871006309009317e-09
2.102375606938267083e-09
2.086002925949514974e-09
2.153821343497952512e-09
1.649869041386864410e-08
1.888540657191128957e-09
2.037509716501517687e-09
1.816725214709435932e-09
2.487634764847257429e-09
1.892055845331697128e-09
1.077899103307800033e-08
2.657332354161212606e-09
2.575560209550076252e-09
2.883401517550510107e-09
3.129287717840156802e-09
3.007128768217626202e-09
3.185048447207350364e-09
2.631006523756695969e-09
1.577317942924594263e-09
6.000945962369996778e-09
6.196114288314902296e-09
2.894283701593280966e-09
5.053456764159136583e-09
1.985082542788063620e-09
1.982819686219272626e-09
3.213514565558739378e-09
4.724430180402805490e-09
3.081413124661480651e-09
7.289660874931769285e-09
1.743861610670194295e-09
3.188610264714952791e-09
3.318964658660661371e-09
2.747165828154152223e-09
5.542890146870149692e-09
8.663459283297925140e-09
3.820243232866005201e-09
5.310178519124519880e-09
5.846100936679476945e-09
4.808486053775595792e-09
8.297614151331345056e-09
3.308876506125102424e-09
3.977929097231935884e-09
4.908696116245891972e-09
3.007937676713368091e-09
2.970354628928362217e-09
3.515032487300118191e-09
5.755377507909997803e-09
4.682016996326865410e-09
4.057485458730525352e-09
5.355645704696598841e-09
2.213459859845556821e-09
3.530547187935439979e-09
3.530964631792699038e-09
5.816182646611878226e-09
4.259919972326997595e-09
5.578856931975906264e-09
3.655940883362518434e-09
3.058477471284959393e-09
2.617971173179967082e-09
2.490036621338731493e-09
2.736471493847147940e-09
2.728715697841721521e-09
2.922162734009248197e-09
3.736170040014030747e-09
3.021467520625265024e-09
3.920741509233494071e-09
1.064392662897262198e-08
9.635025222110016330e-09
2.826466616312472979e-09
4.211061721548503556e-09
4.437437972626412375e-09
3.950346716408148495e-09
4.685179355590207706e-09
2.995873549238581290e-09
3.424985850486450545e-09
6.142269359799001904e-09
1.476261246580179431e-08
8.506918725004197768e-09
7.520773337432729022e-09
5.464318775239007664e-09
6.498328541937326008e-09
2.690123235282726455e-09
1.665300608522102266e-08
5.265961000588958996e-09
4.131345487934368066e-09
3.107980983685365572e-09
5.063336860899880776e-09
3.881076793277316028e-09
6.562750343164225342e-09
8.871428036627548863e-09
4.983268020453124336e-09
4.074135251386223899e-09
4.650918317139485225e-09
6.540258112863739370e-09
5.882251130628901592e-09
5.114078938106558780e-09
6.131524177277469789e-09
6.297458998716365386e-09
3.697526507195902923e-09
2.874154692023012103e-09
3.199978948487114394e-09
3.544500470908928946e-09
6.634768290325609996e-09
7.301461657505114999e-09
2.665769383014549021e-09
2.396678189242607004e-09
5.823420412554014547e-09
5.086461030145983386e-09
6.273350727781235037e-09
3.777954837858032988e-09
4.108447360096079137e-09
6.644949923639842382e-09
6.901751614662998691e-09
1.505093827347536717e-08
5.409750869489471370e-09
5.951362069822607737e-09
5.253922186199133648e-09
3.036511708742750670e-09
4.000588305075325479e-09
2.752762462421287637e-09
5.185091023207633043e-09
5.305005768008186351e-09
2.589593872670548080e-09
2.168206281183415740e-09
5.781938039461920198e-09
2.697436052301327436e-08
2.451914937751098478e-08
2.225627682150843611e-08
7.114758204807003494e-08
8.615194779793000635e-09
9.700782399590934801e-09
3.463629028033210489e-08
2.309903202046825754e-08
7.047498229439952411e-08
6.958642995158470512e-09
2.993025205455523974e-08
1.865799070799312176e-08
2.013388922250669566e-08
1.476576727554856916e-08
3.480501664654411798e-09
6.729488077894529852e-09
3.693184646991198861e-09
3.504047940694476893e-09
3.153445948811395283e-09
2.124916420598310651e-08
2.076884619839347579e-08
9.999091625213623047e-01
9.998892545700073242e-01
9.998894929885864258e-01
9.998902082443237305e-01
9.998924732208251953e-01
9.998862743377685547e-01
2.302154598510242067e-06
1.031774559123732615e-06
1.424422976015193854e-06
1.218585907736269291e-07
1.774825193479045993e-07
1.566811192788009066e-06
3.202740472829646023e-08
8.001287632453113474e-09
1.853677247254381655e-07
5.567198257949712570e-08
1.413058114962950640e-08
1.262845650273902720e-08
2.956942601883838506e-08
5.002381175955861181e-09
5.324154006558501351e-09
3.087125222123177082e-09
3.475333798519386619e-09
3.245627766546022031e-08
5.030194927257980453e-09
1.261630000470859159e-08
1.028283502790827697e-08
6.160185250791982980e-09
2.469105808700078342e-08
2.119637798614348867e-08
2.865315096300946607e-09
9.354492647162260255e-08
2.583256097921093897e-08
4.870440939441778028e-09
4.528956765170732979e-09
1.515599912238485558e-08
1.464570971165812807e-07
8.366792592084948410e-09
9.527787447893842909e-09
1.351602065824408783e-07
7.957367387234626221e-08
4.969448408331800238e-09
7.596635320794575819e-09
9.719951066244902904e-09
9.691942359779659455e-09
4.471618630930151994e-09
1.111119232177770755e-07
1.330388155196260414e-08
4.458767133286301032e-09
7.146348846021055579e-09
5.745188769168407816e-09
1.599379970684822183e-07
1.528419346641385346e-08
1.556289319637471635e-08
1.956694895000055112e-08
4.251591967374679371e-09
1.898096790853287530e-08
8.386909939872566611e-07
9.999116659164428711e-01
9.998912811279296875e-01
9.998890161514282227e-01
9.998923540115356445e-01
9.998924732208251953e-01
9.998912811279296875e-01
9.998905658721923828e-01
9.998890161514282227e-01
7.248547717608744279e-07
3.352879218709858833e-08
3.006390514315171458e-08
1.116740566686758029e-08
9.572803350010872236e-08
2.985908764685518690e-08
1.072746957930803546e-08
4.123307917325291783e-09
1.019882915898051579e-07
3.788518831981946278e-09
1.765761936667331611e-08
3.675489912424723116e-09
1.091683010656652186e-08
1.350045408798905555e-08
3.085624422638488795e-09
2.031968548976692546e-08
5.365576072335898061e-08
2.014903088820574339e-07
4.043825718724747276e-09
5.281453923089429736e-07
9.434655723339346878e-09
1.820166950494694902e-08
8.194297684838147688e-09
4.829638200476438215e-08
1.517323688915439561e-08
1.108443203889919459e-08
2.234462392891600757e-08
1.910912494906824577e-08
1.541617855593813147e-08
3.261153480593748100e-08
1.133273475062424041e-08
9.277814960739760863e-09
7.637255272641141346e-09
1.037664176806174510e-07
2.388610909065391752e-08
1.805044824720880570e-08
1.019411843827811026e-08
3.394699987779858930e-08
4.911665296702949490e-09
2.280946915789172635e-07
4.563138844559944118e-08
3.466925635464690458e-09
6.368010563306825134e-09
4.148637060552573530e-07
3.121805605132976780e-07
2.294490464294085541e-08
4.040111534209245292e-08
1.397157767257795058e-08
1.211235112208441933e-08
1.069592414637554612e-08
6.671670327307310799e-09
1.123673769143351819e-06
4.245645612854787032e-08
3.200023357408099400e-08
7.441153915266340846e-09
2.413621587038505822e-07
3.792472398345125839e-07
1.212249856052949326e-08
6.974082644717327639e-09
1.633760682295815059e-08
7.016940362092327632e-09
2.431721384255070006e-07
9.842239023782894947e-09
5.202102215662307572e-07
3.365822465184464818e-08
1.712702157874446129e-08
9.997528422900359146e-07
3.067736997763859108e-07
1.515374314919881726e-08
9.334187645038127812e-09
9.456855565304067568e-08
1.818362527217232127e-08
2.550731537098727131e-08
1.816144212796189095e-08
1.722188791575263167e-08
6.263868979061726350e-09
2.835280099588999292e-08
3.665843806288648921e-08
7.938630375292632380e-08
3.426771755243862572e-08
3.326646069723437904e-09
5.522051651496440172e-07
5.663299162961266120e-08
2.284507871763707954e-08
1.282545213143748697e-06
7.135901647359332856e-09
2.425175793518974388e-08
1.213404487998559489e-07
5.686137072302699380e-08
1.906259150530331681e-09
8.021353892218030524e-08
3.243585311452079623e-08
2.591759695746986836e-08
1.120529979914408614e-08
5.018454984906384198e-09
6.182750311722884362e-09
6.273314756555237182e-09
9.582279858477704693e-09
2.032487955716533179e-08
5.721404239267258163e-09
1.235313096259460508e-08
8.608923707242865930e-08
7.669036961033270927e-08
7.914406907616466924e-09
2.908934604306523397e-08
7.303188276353012043e-09
1.923132231240742840e-08
1.580110087218145054e-08
8.068119505821869097e-09
4.989307633707085188e-09
1.402010951778720482e-08
2.955617262045961979e-08
1.235902686858025845e-07
1.049260767160831165e-08
1.842921704131583738e-09
1.258059167952296775e-08
6.087546022826018088e-09
3.784620616897882428e-08
3.826273964335769051e-09
8.440765419948093040e-09
2.491206529953160498e-08
8.028621323319384828e-09
6.577396334250806831e-07
1.119075321298623749e-08
2.434487385016836924e-07
9.969225800432468532e-08
5.777021971908880005e-09
4.325826097328899777e-08
6.544890851500895224e-08
1.962876297056936892e-07
4.217065807665676402e-09
7.034709259556848338e-09
3.353036959197197575e-07
4.769121275671750482e-08
1.067552268807503424e-08
4.385882323987289055e-09
7.585356343042803928e-09
3.565685346984537318e-08
1.799905113841759885e-08
9.932538347356967279e-08
5.860100404930790319e-09
2.497920270627673744e-08
6.735140800628869329e-08
7.404148760770112858e-08
1.620836442839390656e-08
5.631437360875679587e-08
3.145398252968334418e-08
4.894945604405620543e-08
1.538350943519617431e-06
5.698600702430667297e-08
2.836338719447439871e-09
6.764543147852464244e-09
6.139540431604473270e-09
2.131105958369516884e-08
3.727943109765874397e-08
1.421858275563181451e-08
2.816564537155841208e-09
3.613191950080363313e-07
1.077841549346203465e-08
3.797115155634855910e-08
4.586931368066871073e-07
4.118743035519401019e-08
9.464272210379931494e-08
6.041557298885891214e-08
4.969467504167823790e-09
1.130691273942829866e-08
5.434221606037681340e-08
2.962480571966352727e-08
8.292582620583743847e-09
6.205043145968147655e-09
1.633975799109066429e-08
6.893808546237778501e-08
8.642123106028520851e-08
9.789069999044386350e-09
1.136878235996618969e-08
5.199255070920116850e-08
6.300285093630009214e-08
1.188419584963185116e-08
5.515830636682039767e-08
1.691422681915355497e-07
1.844772512527015351e-08
7.243189603656219333e-09
1.097725643717240018e-08
3.710344458340841811e-07
1.122204551506911230e-08
7.217966224715155477e-09
4.621491456191506586e-08
5.716105633268853126e-08
1.987876743214656017e-07
3.134448700592429304e-09
1.049977527145529166e-08
3.159793848794834048e-08
1.124812509800676708e-08
1.599991747980311629e-07
1.023216178452912573e-08
5.268636016353411833e-08
2.398376075518626749e-08
2.090700057522099087e-08
6.808865471441549744e-09
2.817173161417940719e-08
1.143641981116161332e-08
4.099351524899930155e-09
1.010942529688918512e-08
4.843503376150692930e-08
4.269749069862882607e-07
4.391407237847033684e-09
1.327154119934448318e-08
3.987882735145831248e-08
5.761431864925725677e-08
1.055571807739852375e-08
1.278012575767206727e-07
1.647651970415608957e-08
1.442118779948486917e-08
1.350045408798905555e-08
3.085624422638488795e-09
2.031968548976692546e-08
5.365576072335898061e-08
2.014903088820574339e-07
4.043825718724747276e-09
5.281453923089429736e-07
9.434655723339346878e-09
1.820166950494694902e-08
8.194297684838147688e-09
4.829638200476438215e-08
1.517323688915439561e-08
1.108443203889919459e-08
2.234462392891600757e-08
1.910912494906824577e-08
1.541617855593813147e-08
3.261153480593748100e-08
1.133273475062424041e-08
9.277814960739760863e-09
7.637255272641141346e-09
1.037664176806174510e-07
2.388610909065391752e-08
1.805044824720880570e-08
1.019411843827811026e-08
3.394699987779858930e-08
4.911665296702949490e-09
2.280946915789172635e-07
4.563138844559944118e-08
3.466925635464690458e-09
6.368010563306825134e-09
4.148637060552573530e-07
3.121805605132976780e-07
2.294490464294085541e-08
4.040111534209245292e-08
1.397157767257795058e-08
1.211235112208441933e-08
1.069592414637554612e-08
6.671670327307310799e-09
1.123673769143351819e-06
4.245645612854787032e-08
3.200023357408099400e-08
7.441153915266340846e-09
2.413621587038505822e-07
3.792472398345125839e-07
1.212249856052949326e-08
6.974082644717327639e-09
1.633760682295815059e-08
7.016940362092327632e-09
2.431721384255070006e-07
9.842239023782894947e-09
