7.449687018379336223e-06
1.091311605705413967e-05
1.079731737263500690e-05
8.453475857095327228e-06
8.712679118616506457e-06
7.795691999490372837e-06
9.011039765027817339e-06
1.408143725711852312e-05
9.476692866883240640e-06
9.614011105441022664e-06
1.230959060194436461e-05
1.051398976414930075e-05
9.917864190356340259e-06
9.435967513127252460e-06
8.731985872145742178e-06
1.203832653118297458e-05
1.108395645132986829e-05
7.647595339221879840e-06
9.729256817081477493e-06
1.203646661451784894e-05
1.193924708786653355e-05
1.026694008032791317e-05
7.751072189421392977e-06
9.024575774674303830e-06
9.215601494361180812e-06
6.170075266709318385e-06
1.150510433944873512e-05
1.036213689076248556e-05
8.900735338102094829e-06
9.144757314061280340e-06
8.257920853793621063e-06
9.939595656760502607e-06
9.822504580370150506e-06
1.071102451533079147e-05
9.997237324714660645e-01
9.997573494911193848e-01
9.997223019599914551e-01
9.997993111610412598e-01
9.384419172420166433e-06
1.525353582110255957e-05
4.736093615065328777e-05
1.001248074317118153e-05
1.763675209076609462e-05
1.833437636378221214e-05
1.141820666816784069e-05
1.042003896145615727e-05
1.334747867076657712e-05
9.696642337075900286e-06
1.020612126012565568e-05
1.292698289034888148e-05
