2.504545459913742889e-09
2.504545459913742889e-09
2.504545459913742889e-09
2.504545459913742889e-09
2.504545459913742889e-09
2.504545459913742889e-09
2.504545459913742889e-09
2.504545459913742889e-09
2.504545459913742889e-09
2.504545459913742889e-09
2.504545459913742889e-09
2.504545459913742889e-09
2.504545459913742889e-09
2.504545459913742889e-09
2.504545459913742889e-09
2.504545459913742889e-09
2.504545459913742889e-09
2.504545459913742889e-09
2.504545459913742889e-09
2.504545459913742889e-09
2.504545459913742889e-09
2.504545459913742889e-09
2.504545459913742889e-09
2.504545459913742889e-09
2.504545459913742889e-09
2.504545459913742889e-09
2.504545459913742889e-09
2.504545459913742889e-09
2.504545459913742889e-09
2.504545459913742889e-09
2.504545459913742889e-09
2.504545459913742889e-09
2.504545459913742889e-09
2.504545459913742889e-09
2.504545459913742889e-09
2.504545459913742889e-09
2.504545459913742889e-09
2.504545459913742889e-09
2.504545459913742889e-09
2.504545459913742889e-09
2.504545459913742889e-09
2.504545459913742889e-09
2.504545459913742889e-09
2.504545459913742889e-09
2.504545459913742889e-09
2.504545459913742889e-09
2.504545459913742889e-09
2.504545459913742889e-09
2.504545459913742889e-09
2.504545459913742889e-09
2.090021267164843266e-09
2.127461984358092195e-09
1.927151993541542652e-09
1.946171668265606058e-09
1.920960945867022929e-09
1.932750848254727316e-09
1.915195335655539566e-09
1.948600836243485901e-09
1.922632497652898564e-09
1.908117885918159118e-09
1.875266830708710586e-09
2.076590455146742897e-09
1.899037371799749963e-09
1.928505133363955792e-09
1.964760576456114904e-09
1.925079873288382259e-09
1.930812842942941643e-09
1.907412006119102443e-09
1.936946825153995633e-09
1.947140670921498895e-09
1.914640002098622062e-09
1.983099684466083090e-09
2.004050925208389344e-09
1.914541414294035349e-09
1.958949225056016985e-09
1.916320657713299624e-09
1.938088800557125069e-09
1.939708615950053172e-09
1.896814705304450399e-09
1.888565748231485486e-09
1.939013172247427974e-09
1.921767189827505717e-09
1.927802806278577918e-09
1.928615489532603533e-09
1.975526409125905047e-09
1.880356315098197229e-09
2.030421830667705763e-09
1.894377765765398181e-09
1.935156035415275255e-09
1.928619042246282334e-09
1.915578806688245095e-09
2.009467037211720708e-09
2.018786693369634122e-09
2.060658310654162051e-09
1.878309507929998290e-09
1.938447402594078994e-09
1.889931544596379354e-09
1.927784376576369141e-09
1.931814708200363384e-09
1.876576449788558421e-09
1.897893175950571276e-09
1.897075163626027461e-09
1.979985286837404601e-09
1.907579427751215917e-09
1.938462279582608971e-09
1.910988034481420073e-09
2.007700894424147009e-09
1.926622639203401377e-09
1.959906237303243870e-09
1.946587335766025717e-09
1.868248000747030346e-09
1.912807690018780704e-09
1.991753872943036185e-09
1.965311469120933907e-09
1.874519428568532931e-09
1.915834602073118731e-09
1.932684456917854732e-09
1.937667581941582284e-09
1.900613666450112760e-09
1.876705235659414939e-09
1.918028402769778040e-09
1.967055407448015103e-09
1.982638275777048875e-09
1.917494385494933340e-09
1.950091643720952561e-09
1.876716115845056265e-09
1.900258395082232710e-09
1.947556782511128404e-09
1.952875861022107529e-09
1.942815242017559285e-09
1.881719668972436921e-09
2.052800818219679968e-09
1.971340868323068207e-09
9.999930858612060547e-01
9.999868869781494141e-01
9.999867677688598633e-01
9.999867677688598633e-01
9.999868869781494141e-01
9.999867677688598633e-01
1.424757645196450540e-08
7.401829815734117801e-09
7.458719863961960073e-08
6.486765613544775988e-08
2.198267123887376329e-09
9.719695981402765028e-08
1.986631747996625563e-09
1.931240056762817403e-09
1.928155635155803793e-09
1.918361247632560662e-09
1.905135826874015947e-09
1.943982752550255100e-09
1.993996523452779002e-09
1.996660614622669527e-09
1.892221934696181052e-09
1.963277096450610770e-09
1.889625123041582810e-09
1.907121127686650652e-09
1.908227131863782233e-09
1.904914448402905691e-09
1.923439407747196128e-09
1.894507883903884249e-09
1.918328385031031758e-09
1.915505754013224760e-09
1.902303869982802098e-09
1.936211857511693779e-09
1.902677571052890926e-09
3.634381018358112669e-09
1.960683837509691330e-09
1.948303518517491284e-09
1.899472135136193174e-09
1.876948596546412773e-09
1.886668377082401094e-09
1.913085023730332068e-09
1.877364042002227507e-09
1.869984389557544091e-09
1.902253021768274266e-09
1.903675661552028942e-09
1.874680410907103578e-09
1.858811216060018978e-09
1.873615040892673278e-09
1.907644930909668801e-09
1.883472044994505268e-09
1.911425462353122384e-09
1.910568814267321613e-09
1.888216472067938412e-09
2.060968729011847245e-09
1.869827404021862094e-09
9.999895095825195312e-01
9.999867677688598633e-01
9.999867677688598633e-01
9.999868869781494141e-01
9.999867677688598633e-01
1.894068191177211702e-08
4.872559244972762826e-09
2.108246244247879986e-09
2.065206894386051317e-09
2.146668620639502478e-09
2.051794734114764651e-09
1.908285529594877517e-09
1.937242588567755774e-09
1.892600964836788080e-09
1.948229133574841399e-09
1.892629830635428334e-09
1.939087113100868009e-09
1.852369702071143820e-09
1.901774071555450973e-09
2.080384531311096907e-09
1.885107181465173198e-09
1.869624011163750765e-09
2.342803062660436808e-09
1.913960989696761317e-09
1.962726869919606543e-09
1.906193647371878797e-09
1.906986346611461158e-09
2.019657108220940245e-09
1.955324790969825699e-09
1.868772026014653420e-09
1.908398328254179432e-09
1.894598256058088737e-09
2.070499771633649289e-09
2.076166794040545938e-09
1.880847699808896323e-09
2.128070830664796631e-09
1.886905964809670877e-09
1.951315775627904259e-09
1.940333893557522060e-09
1.915885894376856413e-09
2.136187893242436076e-09
2.016250943981390265e-09
1.955970052591737840e-09
1.981602437695073604e-09
2.011867783480170147e-09
1.883306843808441045e-09
2.387543940329805991e-09
8.458804501287886524e-08
2.059381332131238196e-09
2.528544928992459973e-09
2.020373868205638246e-09
1.971073970707948320e-09
2.143346389260614160e-09
1.891204526316414558e-09
2.148249800271173626e-09
1.918116110388723428e-09
9.569443903956198483e-08
1.996211196342301264e-09
2.216649530595304896e-09
1.963610385402603242e-09
1.973112784270369957e-09
1.919038261632977083e-09
1.966646401285743195e-09
1.897795476324404262e-09
2.163963230827903317e-09
1.881353739463520469e-09
1.886067524381473959e-09
2.186500092093979219e-09
1.952566774932051885e-09
1.900406942922927556e-09
1.897994650335022015e-09
2.076032235009961369e-09
1.916335312657224677e-09
2.263682574721315177e-09
1.852747733011028686e-09
1.895982704169796307e-09
1.909363112062578693e-09
2.734702464479710216e-09
1.915513081485187286e-09
2.038318180908049726e-09
2.143833111034609828e-09
1.985294817430371950e-09
1.979483243985669105e-09
1.875159583164531796e-09
1.927993764638813445e-09
1.911410807409197332e-09
1.923446735219158654e-09
1.938561977610220310e-09
3.599384568175878485e-09
1.869766785844717560e-09
1.887856315718750011e-09
1.945284600068930558e-09
1.924452153190259196e-09
2.239927354708015628e-09
1.894652434941690444e-09
2.140151833529557734e-09
1.871136801057105004e-09
1.955798412112130791e-09
2.000976273563992436e-09
1.882136224651276279e-09
1.933956772504075161e-09
1.874433719351031868e-09
1.891868217640535477e-09
1.948288641528961307e-09
1.903261770408448683e-09
1.928302850728869089e-09
1.900251289654875109e-09
1.901113932945008855e-09
2.070341897919547591e-09
1.915399838736675520e-09
1.872179078432623101e-09
2.331502768626592115e-09
1.935883231496404733e-09
1.945051009144549425e-09
4.075534132397251597e-09
1.914041147799139253e-09
1.912103586576563430e-09
1.863504017762807052e-09
1.859988607577633957e-09
2.038170299201169655e-09
1.883156075521696948e-09
1.904449264955587751e-09
2.054140191276587757e-09
2.652010611114974381e-09
1.911363511908348300e-09
2.001506738125158336e-09
1.983636810365396741e-09
4.443326773184708145e-08
1.978931907231640253e-09
1.939101990089397987e-09
2.220902795002643870e-09
1.884898681581148594e-09
2.214202821093635976e-09
2.189058045942715580e-09
2.680448307756932991e-09
2.245453822879994732e-09
9.530168654237058945e-09
2.339404892026664129e-09
3.556290151252028409e-09
1.938573079840466562e-09
3.401452008944261252e-09
1.889650436126544264e-09
2.498004691986466241e-09
2.862381665025282018e-09
1.930503534808281074e-09
2.098301310482497684e-09
1.875910760062993177e-09
1.934587601226667175e-09
1.962187745618848567e-09
2.221296702131780876e-09
1.885966938175442920e-09
1.889300715873787340e-09
1.890670509041569858e-09
1.916463210349661495e-09
1.869888022199006627e-09
1.995324128145625764e-09
1.982668473843318679e-09
7.138011515195330503e-09
1.960706264014788758e-09
1.929119530785783354e-09
2.060803749870387946e-09
1.918899261710294013e-09
1.940914984288610867e-09
1.942466854032431911e-09
1.940881899642477038e-09
1.894312706696155146e-09
1.885769096432454717e-09
1.878349031869674945e-09
1.890288370276493879e-09
1.866057974808654762e-09
2.023864187350454813e-09
1.889398193455349428e-09
1.908958768837010211e-09
1.930223536561470610e-09
1.878377675623710275e-09
1.921675485405671679e-09
1.959151063601893838e-09
1.941937055605080786e-09
1.955007711273992754e-09
1.885164913062453707e-09
1.850667619152090992e-09
1.978203600927486150e-09
1.931932613885578576e-09
1.881558242544656423e-09
1.977845220935137149e-09
1.900642754293357939e-09
2.109054708654412025e-09
1.889113532271835538e-09
1.888691869567082904e-09
1.843455943451033363e-09
1.878402766664066803e-09
1.915812619657231153e-09
1.953214923133828052e-09
1.912315195085056985e-09
1.889340461858068920e-09
2.059479697891219985e-09
2.017339406634732768e-09
1.895006596086545869e-09
1.970047902588589750e-09
1.873640131933029807e-09
1.900856583247900744e-09
1.929439719106085249e-09
1.880873012893857776e-09
1.909570723768183598e-09
1.905990032469162543e-09
1.956749873244234550e-09
1.912767499945289273e-09
1.969397978029974183e-09
1.906055535627615427e-09
1.912023428474185494e-09
1.954023387540360090e-09
1.890421819084053823e-09
1.925785086953624159e-09
1.884841394073077936e-09
1.869328247749990624e-09
1.938817328905884096e-09
1.848871722387457339e-09
1.863280196801042621e-09
1.885445355398474021e-09
1.879180366870514263e-09
2.088271999767243869e-09
1.906629965020556483e-09
1.903922575152705576e-09
6.320153733696542986e-09
1.869338683846422100e-09
1.909126412513728610e-09
1.886830469643996366e-09
5.076458808872530426e-09
1.887571876579841046e-09
1.963220919165564737e-09
1.868486920741929680e-09
1.975583030500160930e-09
1.879585598274502445e-09
1.926975690125232177e-09
1.938099902787371320e-09
1.931022675094595797e-09
1.901839352669298933e-09
1.882882960657639160e-09
1.911177438529421124e-09
1.882075162384921896e-09
1.942252136899469406e-09
1.962722873116717892e-09
1.948615713232015878e-09
1.886427236641452510e-09
1.918880832008085235e-09
1.976645958023937055e-09
2.147045430334060256e-09
1.872846988604237595e-09
1.908718516574481328e-09
1.903722957052877973e-09
1.892810352899232385e-09
1.905103408361696893e-09
4.994839652994187418e-09
1.981145025808928040e-09
1.846366060043180823e-09
1.926009129959993516e-09
2.064111992439165988e-09
1.915381631079071667e-09
2.251724140478472691e-09
2.212193539463669367e-09
1.895407830687645401e-09
1.862334952917876763e-09
1.951271144662314327e-09
1.900378077124287302e-09
2.006889099348541095e-09
2.029899137667712239e-09
2.837166501734600388e-09
1.908114333204480317e-09
1.857510589786670607e-09
1.837362262335773266e-09
5.129846769591495104e-09
1.858722620262653891e-09
9.574062431738639134e-08
1.909475910721880609e-09
1.963183393627332407e-09
1.947422889614358610e-09
1.914643554812300863e-09
1.899301826924215675e-09
3.978847029628695964e-09
1.947193695173154993e-08
2.157336531638520682e-09
1.093160317822139405e-08
1.960078099827455844e-09
6.856863965509774062e-09
9.232486064547629212e-08
2.037155999445872112e-09
2.025455358989347587e-09
1.942200178461916948e-09
1.858878495575311263e-09
2.120546627182307020e-09
1.861376386358415402e-09
2.023339495949016964e-09
4.795873920215854014e-09
1.922735082260373929e-09
1.901549140370661917e-09
1.866527821192676129e-09
1.946847349998392929e-09
1.956675266256979739e-09
1.868287302642102077e-09
1.890010814520337590e-09
1.948184724653856392e-09
1.859577158924707874e-09
1.902078716753408116e-09
1.860488985094832515e-09
1.895194667866917371e-09
1.933554649724555929e-09
1.947809247226928164e-09
1.893308620992684155e-09
1.859332354747778027e-09
1.955235084949435986e-09
1.841607422115032477e-09
2.224366246750264509e-09
1.979592711975897146e-09
1.870976040763139281e-09
1.858049047953613808e-09
1.872304089545195893e-09
1.871825583421582451e-09
1.889008949262915849e-09
1.881845346218824488e-09
1.861891196774934087e-09
1.875345656543458972e-09
1.982222386232024292e-09
1.945336558506483016e-09
1.891958367750135039e-09
1.902514146223666103e-09
1.887122014210262932e-09
1.845049335535975388e-09
1.879979727448244375e-09
1.906491853276293114e-09
1.950303696318655966e-09
1.875299027176424715e-09
1.887618727991480228e-09
1.886359068947740525e-09
2.029771239975275421e-09
1.877503708058725351e-09
1.875277710894351912e-09
1.948303518517491284e-09
1.873918797912210721e-09
1.875950061958064907e-09
1.906575564092349850e-09
1.880546385280013055e-09
1.854699616110622173e-09
1.857542342165174887e-09
1.913712743828455132e-09
2.033956780778112261e-09
2.064368009868644549e-09
1.942648486519260587e-09
1.867945131905912604e-09
1.861092391308716287e-09
1.879499444967791533e-09
1.876443889159418177e-09
1.877177968623300330e-09
1.862097032123699591e-09
1.875302579890103516e-09
1.863141640967569401e-09
3.559561090327179045e-09
1.862654919193573733e-09
1.915673841779153008e-09
1.875935851103349705e-09
1.876161448421953537e-09
1.894818746350779293e-09
1.912410008131359973e-09
1.889239431562828031e-09
6.538275254541758841e-09
1.848201924836700982e-09
1.884974398791428030e-09
1.937382920758068394e-09
1.862693999044040538e-09
1.859740250687025309e-09
1.865122056798895755e-09
1.907925151201084191e-09
1.866118370941194371e-09
1.844338792800215288e-09
1.836580887371042081e-09
1.872547006342983877e-09
1.856816145284767572e-09
1.871971910816228046e-09
1.911997893344619115e-09
1.884848499500435537e-09
1.903359914123825547e-09
1.891359513450652230e-09
1.867809906741513259e-09
1.859807752246922519e-09
1.879230548951227320e-09
1.870287480443266759e-09
1.876687472091020936e-09
1.869980836843865291e-09
1.875377853011173102e-09
1.901302670859195132e-09
1.872007659997620976e-09
1.875134492124175267e-09
1.888821543616359122e-09
2.118371700277066338e-09
1.851419573206669611e-09
1.857003883998231686e-09
1.854621678454293487e-09
1.880001487819527028e-09
1.854809195123152676e-09
1.941989014042633244e-09
1.898888823959055117e-09
1.853751596669894752e-09
1.872732635632701204e-09
1.867970222946269132e-09
1.890281264849136278e-09
1.875452904087637762e-09
1.881454103624946583e-09
1.848311170782324098e-09
1.914497671506865117e-09
1.996892873279421110e-09
1.871129473585142478e-09
1.944787664243108338e-09
1.878159183732464044e-09
1.879277178318261576e-09
1.873976085420281379e-09
1.935303695077550401e-09
1.927258574951906667e-09
1.876247157639454599e-09
1.864524534767042496e-09
1.897086043811668787e-09
1.927684900593362727e-09
1.896746093521528564e-09
1.921587555742121367e-09
1.875492205982709493e-09
1.908689428731236148e-09
1.919437275788027364e-09
1.963925022607782012e-09
2.033572865656196882e-09
1.878535327293207047e-09
1.916371950017037307e-09
1.885524403277827332e-09
1.897314083620926795e-09
1.892001666448095420e-09
1.863006637847774982e-09
1.918299075143181653e-09
1.900581025893188780e-09
1.912680014370948811e-09
1.887118239451979207e-09
1.881482747378981912e-09
1.885369860232799510e-09
1.899370660751742435e-09
1.874437272064710669e-09
1.882344280446091034e-09
1.883881717290591951e-09
1.882947575637672344e-09
1.856518716536470492e-09
1.870522847724487292e-09
1.890522849379294712e-09
1.893026846389034290e-09
1.903022184279734574e-09
1.893052159473995744e-09
1.881927946811856600e-09
1.909268299016275705e-09
1.849587594193735640e-09
1.867425103441178180e-09
2.062754411724654346e-09
1.987261022406983102e-09
1.871386379193040739e-09
1.860779863527284306e-09
1.896568679882193464e-09
1.870690491401205691e-09
1.911578673130520656e-09
1.878352584583353746e-09
1.874644661725710648e-09
2.055249304078188288e-09
1.895932300044478325e-09
1.966751428383872735e-09
1.983595288024275760e-09
1.879822075778747603e-09
1.916408365332245012e-09
1.904590929413529921e-09
1.914632674626659536e-09
1.933119664343507793e-09
1.929366000297250139e-09
1.890129830428577407e-09
1.911910407770278653e-09
1.946398153762629590e-09
1.866666599070754273e-09
1.999088006243709970e-09
1.940467120320477079e-09
1.903301738437335189e-09
1.906593549705348778e-09
1.914201908093104976e-09
1.921264924931165297e-09
1.888418088569210340e-09
1.920825276613413735e-09
1.891998113734416620e-09
1.942778160568536805e-09
1.884726374967726770e-09
1.860630982619682072e-09
1.936344862230043873e-09
2.009980626382912305e-09
1.916192760020862806e-09
1.873354360526491291e-09
1.911079072769439335e-09
1.869435051204959564e-09
1.882215050486024666e-09
1.963857521047884802e-09
1.997490839400484219e-09
1.898345702855408490e-09
1.987749964627028021e-09
1.976317998142462784e-09
2.272590116092487733e-09
1.898269541555919204e-09
1.899921331371956512e-09
1.925157144810896170e-09
1.887690670443475938e-09
1.893305068279005354e-09
1.868593724196898620e-09
1.932010107452697412e-09
1.936200755281447528e-09
1.880360089856480954e-09
1.877209943046409535e-09
1.879721711617321489e-09
2.051602887576109424e-09
1.857064169108468832e-09
1.927802806278577918e-09
2.152088285356512642e-09
1.999740151248374787e-09
1.884187028622363869e-09
1.971574015158239490e-09
2.711822100209815289e-09
2.154556755229464216e-09
2.175592372921641982e-09
2.401372878324536941e-09
1.870644306123381284e-09
1.996462550835076399e-09
1.923420978044987351e-09
1.890017919947695191e-09
2.013668121136902300e-09
1.875671173934279068e-09
1.872989763285204390e-09
1.843230901243941844e-09
2.085509542837371555e-09
2.656334041617469666e-09
9.999886751174926758e-01
9.999871253967285156e-01
9.999867677688598633e-01
9.999867677688598633e-01
9.999867677688598633e-01
9.999868869781494141e-01
3.574108120574237546e-08
6.268317775948162307e-08
2.254553166380901530e-08
3.939624182436318733e-09
2.138483168323546124e-09
2.529346687651923276e-08
1.927332071716136852e-09
2.243103924826073126e-09
4.776950746077091026e-08
9.437269454792840406e-08
2.864817716385914537e-09
1.912369818057868542e-09
2.214612715434327583e-09
1.840153807108890760e-09
1.894804313451459166e-09
1.904899793458980639e-09
1.897364709790849702e-09
2.903672413623326065e-09
2.114762587268614880e-09
2.066144588752649724e-09
1.909046254411350674e-09
2.098845763853773860e-09
2.047420233353136609e-09
1.986332431869186621e-09
1.873568633570243946e-09
1.843944774648775820e-09
3.569609940967666262e-09
1.860542053755409597e-09
1.972299878971739417e-09
2.312595670517225699e-09
2.713679725374618101e-09
1.937371818527822143e-09
1.854752684771199256e-09
1.993228471164343318e-09
9.920005084040894872e-08
3.076480181718466156e-09
1.943949445859516345e-09
2.151008926531972065e-09
1.965322793395785084e-09
1.901991675268277504e-09
2.407881227739494534e-09
2.086448569471599512e-09
1.942070504412640730e-09
1.880542832566334255e-09
1.896141910151527554e-09
2.046850244852294054e-09
2.056272707662287758e-09
1.914103320288518262e-09
1.913011971055311733e-09
1.862527021501136915e-09
2.002335408590738552e-09
1.014732742277146826e-08
9.999889135360717773e-01
9.999867677688598633e-01
9.999867677688598633e-01
9.999867677688598633e-01
9.999867677688598633e-01
9.999868869781494141e-01
9.999868869781494141e-01
9.999867677688598633e-01
1.078345324145857376e-08
2.306010715713568970e-09
2.239905816381337900e-09
1.853225017889315041e-09
6.115161266251334382e-09
2.801915144345912267e-09
1.868322829778890082e-09
1.915560599030641242e-09
2.334110016377621832e-09
1.903889934595781597e-09
1.913380565099487285e-09
1.919924441651232883e-09
2.018867739650431758e-09
2.164140866511843342e-09
1.850649855583696990e-09
2.079547423150529539e-09
1.709820018902519223e-08
1.299862173453902869e-08
1.833818985552682079e-09
3.149768446064626914e-08
1.983882835787653676e-09
1.892005441206379146e-09
1.895310131061478387e-09
3.887596466967124798e-09
3.782641755378790549e-09
2.033762713793407784e-09
2.034232338132824225e-09
1.976698804639909213e-09
1.970021701325208596e-09
1.998089249610757179e-09
2.450894598382546974e-09
1.859782994273473378e-09
1.927405568480367037e-09
2.049682645832717753e-09
2.044832747571945220e-09
1.878445843317422259e-09
1.923905257328328844e-09
2.226832496177166831e-09
1.966830254218621121e-09
1.077311218011800520e-08
2.793329567651881007e-09
1.885538836177147459e-09
2.072720439727504527e-09
2.518903086112800338e-09
1.861231702093846252e-08
2.095497775300714238e-09
1.998851528739464811e-09
2.012573885323831746e-09
2.231896889526296945e-09
1.959091333603169005e-09
1.940674509981477058e-09
1.677305760949820979e-08
3.375097312741104361e-09
2.043974989263119824e-09
1.854147835267383471e-09
1.972537022609799351e-09
2.368512053152471708e-09
1.939275851015054286e-09
1.841494956522637949e-09
1.925608783537313684e-09
1.953073258675885882e-09
1.975526409125905047e-09
1.912194846909187618e-09
9.552811519597526058e-08
1.848780128987925764e-09
1.901164781159536687e-09
3.172582641042254181e-09
2.841916479923156658e-09
2.106457674955208859e-09
1.865200216499829367e-09
2.012370492465720417e-09
2.821107569772607349e-09
1.925998249774352189e-09
2.593587788979334618e-09
2.024864276251037154e-09
1.861376386358415402e-09
2.086297357095645566e-09
2.184382452696809196e-09
2.552448030712639593e-09
1.928383674965061800e-09
1.898972312730506928e-09
1.028566032346134307e-08
2.171214763535544989e-09
1.847948127853271671e-09
5.912669109875423601e-08
1.902550561538873808e-09
1.978143426839551466e-09
1.963299745000313123e-09
5.011510761931958768e-09
1.867425103441178180e-09
2.860345960087329331e-09
2.056755210588789851e-09
2.137846788485830984e-09
2.000197785179125276e-09
1.930068993516442788e-09
1.868055710119165269e-09
1.847912711738786129e-09
2.036095514412750163e-09
4.977777745551748012e-09
1.895176460209313518e-09
1.833808438433948140e-09
2.005442700792059441e-09
3.001913828626356917e-09
2.673718357826260217e-09
2.470103011020796657e-09
2.307700253112443534e-09
2.084686201442309539e-09
2.013683442214642128e-09
1.995994258763289508e-09
1.857283771222739688e-09
2.044161950820466700e-09
7.680993618919274013e-09
8.185924826875634608e-09
1.911403701981839731e-09
1.854968401104883924e-09
2.009332922270345989e-09
1.963674112204216726e-09
4.961511645973359919e-09
1.877381805570621509e-09
1.921272252403127823e-09
2.062907844546657543e-09
1.963782692016025067e-09
9.418747737299781875e-08
2.081039340851020825e-09
2.242359631310364421e-09
1.998946785874977650e-09
1.953404993315643878e-09
2.279644695235560903e-09
2.016350864053606529e-09
2.470833537771000010e-09
1.850586350826688431e-09
4.160080280257716367e-09
3.041943363868426786e-09
1.999068910407686417e-09
1.937209281877017020e-09
1.893922574325301866e-09
2.061338433279047422e-09
2.679998445387354877e-09
1.879592703701860046e-09
2.113437069795054413e-08
1.940208216311134493e-09
1.949942873835652790e-09
1.979698405207841461e-09
9.775658327271230519e-08
2.467805071404427508e-09
1.963707862984165331e-09
3.056028541337241222e-09
1.861404697045543344e-09
9.229669473143076175e-08
7.343220698174945937e-09
1.865310572668477107e-09
1.951598660454578749e-09
2.078179406339586421e-09
1.835232632529937291e-09
1.866349741419526254e-09
1.899218560197368788e-09
1.844222774494141959e-09
4.005925369199303532e-09
2.165078116789231899e-09
9.605101780607583351e-08
6.373405803117293544e-09
1.877134891969944874e-09
9.375122544952319004e-08
3.116970148653308570e-08
1.906386382088953724e-09
2.187972691913842027e-09
3.136225279476434480e-09
1.997144227772196245e-09
1.931199422600116122e-09
1.834571161651865623e-09
2.350237116033326856e-09
5.498244970425503197e-09
3.900723299921082798e-08
2.907174723176808584e-09
2.603227411412945003e-09
9.728950800536040333e-08
3.213968424731206142e-09
1.947226158094395032e-09
1.908183389076612002e-09
1.901161228445857887e-09
2.816118449544546820e-09
1.896963031100540320e-09
1.869927324094078358e-09
2.513575791951438987e-09
2.540378574167334591e-09
1.862821896736477356e-09
2.288684797235873702e-09
2.820182309903884743e-09
9.656609734065568773e-08
1.863952103775545766e-09
1.895303025634120786e-09
2.754542816063576538e-09
1.843230901243941844e-09
2.214756156249109154e-09
1.946550254317003237e-09
3.361464662177127138e-09
2.174422419898291992e-09
2.300391876985941053e-09
2.073024862880856745e-09
1.872000554570263375e-09
1.972649821269101267e-09
1.921913739266756238e-09
2.197717785534791801e-09
1.800753324232573505e-08
9.716043791740958113e-08
1.876558686220164418e-09
1.845478880824202861e-09
1.898229795571637624e-09
1.939253646554561783e-09
1.916086844744313566e-09
1.561242513048455294e-08
2.098105245096348881e-09
1.887575429293519846e-09
2.164140866511843342e-09
1.850649855583696990e-09
2.079547423150529539e-09
1.709820018902519223e-08
1.299862173453902869e-08
1.833818985552682079e-09
3.149768446064626914e-08
1.983882835787653676e-09
1.892005441206379146e-09
1.895310131061478387e-09
3.887596466967124798e-09
3.782641755378790549e-09
2.033762713793407784e-09
2.034232338132824225e-09
1.976698804639909213e-09
1.970021701325208596e-09
1.998089249610757179e-09
2.450894598382546974e-09
1.859782994273473378e-09
1.927405568480367037e-09
2.049682645832717753e-09
2.044832747571945220e-09
1.878445843317422259e-09
1.923905257328328844e-09
2.226832496177166831e-09
1.966830254218621121e-09
1.077311218011800520e-08
2.793329567651881007e-09
1.885538836177147459e-09
2.072720439727504527e-09
2.518903086112800338e-09
1.861231702093846252e-08
2.095497775300714238e-09
1.998851528739464811e-09
2.012573885323831746e-09
2.231896889526296945e-09
1.959091333603169005e-09
1.940674509981477058e-09
1.677305760949820979e-08
3.375097312741104361e-09
2.043974989263119824e-09
1.854147835267383471e-09
1.972537022609799351e-09
2.368512053152471708e-09
1.939275851015054286e-09
1.841494956522637949e-09
1.925608783537313684e-09
1.953073258675885882e-09
1.975526409125905047e-09
1.912194846909187618e-09
